#snid, snra, sndec, z, t0, c, x1, x0, mag_u, mag_g, mag_r, mag_i, mag_z, mag_y
45616, 8.534903e-02, 2.609907e-01, 0.5016, 570132.2989, 9.148908e-02, 2.7805, 6.602829e-06, 27.8864, 24.3917, 23.1736, 23.1454, 23.0042, 23.2802
10342097, 8.896703e-02, 2.607238e-01, 1.1275, 570117.6414, -5.517173e-01, 5.7414, 1.317762e-06, 21.3637, 21.3704, 23.3345, 24.4478, 24.2326, 24.5951
15816490, 8.908595e-02, 2.605999e-01, 1.2994, 570159.3817, 1.517792e-01, 3.7115, 1.129015e-06, 34.5741, nan, 29.2531, 26.5238, 25.4191, 25.1947
4549053, 8.913584e-02, 2.607595e-01, 1.1331, 570034.1503, 1.906507e-01, -1.0927, 1.342730e-06, 37.6210, 33.2503, 33.0263, 29.1914, 27.9990, 27.4886
6425989, 8.953957e-02, 2.604068e-01, 0.3384, 570194.4992, 5.301086e-01, -1.1888, 2.848746e-05, nan, nan, nan, 49.6098, 48.6238, 48.1478
16574467, 8.487367e-02, 2.612660e-01, 1.9944, 570146.8390, -1.499786e-01, -5.2141, 3.303388e-07, 29.7504, 28.4381, 27.3462, 29.1063, 30.9818, 26.7514
4517009, 8.495448e-02, 2.609818e-01, 0.3664, 570156.9991, 5.190028e-01, 0.6055, 2.452073e-05, 35.0912, nan, 27.4495, 26.8024, 26.1506, 26.1029
2279785, 8.493931e-02, 2.610566e-01, 1.1003, 570206.1172, -7.362969e-02, 1.8983, 1.276589e-06, nan, 52.1101, 51.3849, nan, 50.6629, 51.1505
13067087, 8.502174e-02, 2.608630e-01, 1.5686, 570160.1359, 4.462592e-02, -0.2851, 6.454789e-07, 33.7760, 31.8754, 29.9403, 28.5215, 27.1157, 26.5913
16596818, 8.505759e-02, 2.609900e-01, 2.5508, 570056.5161, -1.965291e-01, -0.5312, 1.498015e-07, nan, nan, nan, 31.2510, 30.9408, 30.7336
13926415, 8.513366e-02, 2.609316e-01, 2.4608, 570094.3072, -2.723738e-01, 2.2499, 2.622674e-07, nan, nan, nan, nan, nan, nan
8262425, 8.890447e-02, 2.636638e-01, 1.0227, 570057.7005, -3.701349e-01, 3.8946, 1.552078e-06, 28.3013, nan, nan, 27.2900, 26.8603, 26.4426
7263698, 8.575438e-02, 2.610334e-01, 3.5136, 570097.4849, 4.346194e-01, 3.3698, 1.084526e-07, 49.5780, 49.2503, 45.7547, 43.5641, 41.1507, 38.3013
12137579, 8.574557e-02, 2.609581e-01, 0.6338, 570091.4656, -2.087904e-01, -1.9916, 9.658791e-06, 26.1223, 28.0680, 25.9053, 25.0909, 24.3585, 24.2670
7010511, 8.569354e-02, 2.638673e-01, 0.6865, 570100.8358, -1.543436e-01, -0.7837, 1.056480e-05, 26.6704, 25.7436, 24.9877, 24.1183, 23.6555, 23.4591
8481405, 8.582894e-02, 2.639030e-01, 1.0233, 570183.9928, 3.242840e-01, 4.7105, 1.291082e-06, 60.8803, 54.8810, 51.8426, nan, 49.8254, 49.6981
5830763, 8.562269e-02, 2.613770e-01, 2.8756, 570180.6081, 5.273409e-02, -0.1654, 1.735891e-07, 41.5968, 36.8190, 34.8863, 33.5424, 32.0873, 31.5889
3507936, 8.634686e-02, 2.603437e-01, 0.8662, 570065.1132, -9.295503e-02, -1.3341, 3.000379e-06, 30.9738, 27.7262, 28.8753, 27.0481, 26.5543, 26.1844
9202044, 8.578756e-02, 2.609514e-01, 2.2909, 570075.0486, 2.474262e-01, 0.9735, 2.259141e-07, nan, nan, nan, nan, nan, 31.8853
17415592, 8.559451e-02, 2.613684e-01, 6.4596, 570050.9225, 4.502955e-01, -0.8721, 1.099459e-08, nan, nan, nan, nan, nan, nan
9642915, 8.938185e-02, 2.605126e-01, 0.6551, 570035.9533, -2.870144e-01, -3.7654, 8.313098e-06, 25.6275, 25.4628, 26.9169, 26.7654, 26.0326, 26.0207
4445519, 8.518349e-02, 2.612944e-01, 1.4626, 570173.8037, 1.288973e-01, -0.8554, 7.945640e-07, nan, nan, nan, nan, nan, nan
3014102, 8.518210e-02, 2.615199e-01, 0.9873, 570115.2551, -7.982119e-01, -0.1440, 1.635279e-06, 18.4491, 21.6414, 24.0872, 24.5506, 24.7139, 25.0737
12684012, 8.629696e-02, 2.639783e-01, 2.6112, 570109.0222, -6.387793e-01, -1.5505, 1.280293e-07, 22.7039, 20.0242, 21.3348, 26.0396, nan, nan
7194718, 8.614067e-02, 2.608921e-01, 1.4113, 570146.8280, 7.072162e-02, -4.6059, 8.681438e-07, 32.5469, 29.7383, 29.0480, 27.1943, 29.3966, 25.3224
17081836, 8.944301e-02, 2.632862e-01, 2.1173, 570139.3507, 2.558385e-01, 4.4156, 2.474468e-07, 38.5340, 37.2372, 34.4769, 31.2527, 29.1736, 27.5629
3672602, 8.635593e-02, 2.602747e-01, 1.4364, 570156.9855, -5.860795e-01, -2.1242, 6.885860e-07, 19.0070, 20.2352, 21.4138, nan, 26.3535, 26.0541
7817980, 8.632466e-02, 2.607879e-01, 0.5876, 570078.4318, 1.801572e-02, -1.1153, 6.926067e-06, 29.4237, 28.0257, 26.4597, 25.7230, 24.7770, 24.8712
7300361, 8.615598e-02, 2.638981e-01, 3.3820, 570155.5615, -3.265923e-01, 0.4793, 1.073909e-07, 34.0190, 27.0242, 25.2619, 25.6485, 25.9886, 26.6774
2045958, 8.533871e-02, 2.607300e-01, 1.9977, 570089.8790, 5.355234e-02, -3.6435, 2.740560e-07, nan, nan, nan, nan, 32.0148, nan
13528742, 8.572480e-02, 2.604360e-01, 1.1066, 570148.8763, -2.844646e-01, -0.7448, 1.484562e-06, 24.7821, 24.7271, 25.4679, 25.1079, 24.7880, 25.0592
2442775, 8.573487e-02, 2.605085e-01, 3.0565, 570131.1740, -1.608110e-01, -1.6251, 1.521728e-07, 37.0319, 30.3499, 28.9734, 28.7595, 28.8222, 29.3011
6065274, 8.584370e-02, 2.612235e-01, 0.6203, 570158.2482, -2.207928e-01, -0.5361, 6.699608e-06, nan, nan, nan, 30.9357, 27.1880, 27.8313
16310453, 8.570951e-02, 2.605275e-01, 1.8089, 570131.8574, -3.931438e-01, -5.1409, 3.743292e-07, 23.3799, 23.6439, 25.3307, nan, 27.1720, 25.7394
5726771, 8.549200e-02, 2.612139e-01, 0.8754, 570143.5813, 4.026724e-01, -3.4163, 2.126629e-06, 33.5312, 30.9856, 26.9927, 24.8633, 24.6656, 24.4738
2817638, 8.635024e-02, 2.604599e-01, 0.5017, 570086.8176, 6.160631e-02, -2.1084, 1.476040e-05, 27.2925, 27.1843, 25.5722, 24.7240, 23.9923, 23.8274
15953230, 8.515362e-02, 2.607274e-01, 0.2338, 570138.3565, 6.388533e-01, 0.2007, 5.350494e-05, 25.6091, 21.7389, 20.9154, 20.3794, 20.3666, 20.4656
9045229, 8.567788e-02, 2.602966e-01, 2.0960, 570044.1736, -1.759554e-02, -4.1468, 2.902699e-07, 36.9858, 35.3649, 30.7467, 28.9844, 29.6902, 31.4955
331975, 8.611692e-02, 2.606486e-01, 0.8593, 570098.0137, -3.313707e-01, 0.9160, 2.789860e-06, nan, nan, 26.0272, 25.3169, 24.9751, 24.8825
17040958, 8.608780e-02, 2.605016e-01, 3.4322, 570228.9859, 1.870527e-02, 0.0210, 7.118635e-08, nan, nan, nan, nan, nan, nan
2036979, 8.600642e-02, 2.641022e-01, 1.8419, 570078.7730, 1.434379e-01, 2.4764, 5.752324e-07, nan, nan, nan, nan, 29.3204, 27.7971
14299627, 8.588032e-02, 2.640253e-01, 0.5053, 570170.1674, 2.658891e-01, -5.1042, 8.459972e-06, nan, 53.7525, nan, nan, nan, nan
10155700, 8.907952e-02, 2.624292e-01, 1.1468, 570083.8227, 2.934688e-01, 2.9835, 1.312529e-06, 35.9367, 33.6150, 31.8777, 27.5885, 26.1474, 25.6966
12429071, 8.511385e-02, 2.622849e-01, 1.6506, 570082.8682, -1.541734e-01, 1.4276, 4.395351e-07, nan, nan, nan, nan, 27.9367, 27.4495
10094272, 8.718700e-02, 2.595779e-01, 0.3774, 570213.5196, 2.930207e-01, -0.9939, 1.526003e-05, nan, nan, nan, 49.9145, 49.4433, 49.5759
7419099, 8.600030e-02, 2.640825e-01, 1.2852, 570154.8226, 2.570270e-01, -1.3942, 8.035588e-07, 35.8372, 32.1738, 30.5116, 27.7447, 26.6645, 26.0920
10236177, 8.717805e-02, 2.638910e-01, 0.3333, 570194.0449, 3.267919e-01, -1.4364, 3.348049e-05, nan, nan, nan, 50.1211, 49.3157, 48.4566
3331209, 8.705100e-02, 2.639797e-01, 1.5452, 570190.9621, -4.050978e-02, -0.3172, 6.432936e-07, nan, nan, nan, nan, nan, nan
6197349, 8.529076e-02, 2.605332e-01, 1.0468, 570228.8672, 2.991030e-02, -0.1135, 1.697759e-06, nan, nan, nan, nan, 54.5288, 53.7630
1893271, 8.618244e-02, 2.600732e-01, 1.6996, 570211.5496, 6.857524e-02, 1.5418, 3.966961e-07, nan, nan, 54.9070, 54.4050, 52.8323, nan
15131771, 8.515662e-02, 2.621975e-01, 2.4539, 570078.4618, 3.226191e-01, 2.4732, 2.582717e-07, 43.4340, nan, nan, 35.3099, 32.8140, nan
7253194, 8.932303e-02, 2.626019e-01, 0.9883, 570176.1446, 2.854436e-01, -5.4925, 1.728164e-06, nan, nan, nan, nan, nan, nan
9780061, 8.665447e-02, 2.599213e-01, 1.4135, 570210.3020, -3.414941e-01, -1.0391, 8.707463e-07, nan, nan, nan, nan, nan, nan
13930732, 8.656579e-02, 2.599824e-01, 0.9892, 570166.9558, -3.581027e-02, -4.0445, 2.273082e-06, nan, nan, nan, nan, nan, nan
2673376, 8.890548e-02, 2.630002e-01, 1.1322, 570118.7914, 1.663724e-01, 5.8424, 1.369737e-06, 33.6278, 29.8444, 26.8614, 25.3583, 24.3942, 24.4185
4188292, 8.651178e-02, 2.608644e-01, 1.7869, 570104.5379, -4.537999e-01, 0.6423, 4.405831e-07, nan, nan, nan, nan, 26.2003, 26.2362
8277490, 8.652553e-02, 2.608568e-01, 2.4477, 570222.1344, 1.414436e-01, 0.6823, 2.155726e-07, nan, nan, nan, 57.9366, 56.1583, nan
9565925, 8.546066e-02, 2.620510e-01, 0.7192, 570111.5816, -3.534575e-01, 5.1285, 4.287588e-06, nan, nan, 23.8593, 23.5511, 23.9842, 23.9979
14315752, 8.679163e-02, 2.597874e-01, 2.1497, 570160.2152, -1.249066e-01, 3.2500, 2.870255e-07, 31.8026, 29.7050, nan, nan, 27.7508, 26.3765
15666728, 8.685705e-02, 2.599382e-01, 2.6894, 570190.9976, 2.060199e-01, -2.4083, 1.870656e-07, nan, nan, nan, nan, nan, nan
1555401, 8.671987e-02, 2.600179e-01, 1.0776, 570133.3370, 5.916375e-01, -3.7238, 1.525868e-06, 34.2365, 36.3934, 28.6486, 25.5304, 24.3610, 24.1247
13818104, 8.891088e-02, 2.627046e-01, 2.0783, 570183.9041, -4.461245e-01, -0.2209, 5.085016e-07, nan, nan, nan, nan, nan, nan
17372197, 8.709509e-02, 2.597608e-01, 2.6951, 570042.9037, 3.662233e-01, 2.8160, 2.352310e-07, 45.0908, 43.9406, 42.4206, nan, 35.4739, 33.4339
14569271, 8.667003e-02, 2.639117e-01, 1.4608, 570153.5986, 1.033074e-01, 2.1526, 7.419982e-07, 33.8573, nan, nan, 26.8986, 25.7769, 25.2826
15352105, 8.671758e-02, 2.611568e-01, 3.9480, 570079.1464, -2.760000e-01, -3.7681, 6.690866e-08, nan, nan, nan, nan, nan, 30.4972
156051, 8.578443e-02, 2.621624e-01, 0.1552, 570199.5883, 1.124126e-01, -1.2414, 9.135630e-05, nan, nan, 50.4715, 48.6056, nan, nan
7220831, 8.567151e-02, 2.621294e-01, 3.2777, 570193.3489, -4.762186e-01, 5.9902, 1.036851e-07, 36.1226, 27.0862, 25.7676, 26.5054, nan, nan
4670374, 8.906795e-02, 2.626305e-01, 1.6600, 570150.8860, 1.734387e-01, 2.0145, 5.745585e-07, 35.3710, 33.8223, nan, 28.0204, 26.6309, 25.6333
13498792, 8.572311e-02, 2.616105e-01, 1.7529, 570162.2298, 5.437685e-01, -2.6718, 5.156676e-07, 40.9716, 39.4556, 34.3897, nan, 34.0431, 29.4112
15740257, 8.477305e-02, 2.609979e-01, 1.3804, 570094.2498, 6.137170e-01, -1.6286, 7.862046e-07, 37.9017, 38.1874, 34.7370, 30.5213, 28.2244, 27.0844
7048132, 8.471577e-02, 2.619626e-01, 0.6778, 570051.6746, 3.907198e-01, -4.1049, 2.660365e-06, 34.8836, nan, 28.6677, 27.8522, 26.7369, 26.3598
5037471, 8.487276e-02, 2.624478e-01, 2.5639, 570229.6240, -1.593156e-02, 4.3776, 1.387968e-07, nan, nan, nan, 54.3391, 53.1264, 53.3018
13927232, 8.628429e-02, 2.616778e-01, 2.4602, 570153.2368, 1.810587e-01, -2.5620, 1.727917e-07, 40.4264, 36.8733, 34.8528, 32.2019, 31.6392, 30.4668
16663476, 8.619253e-02, 2.617759e-01, 1.4341, 570178.9647, 3.004332e-01, -1.1788, 4.211114e-07, nan, nan, nan, nan, nan, nan
5179639, 8.689282e-02, 2.603857e-01, 0.1945, 570186.2360, -5.922522e-03, 3.5542, 7.571355e-05, 47.1053, 47.9939, 46.6817, 46.5344, 47.3128, 46.3099
16477464, 8.481251e-02, 2.613321e-01, 2.2230, 570193.9301, 4.251374e-02, 0.8418, 1.966051e-07, 44.9263, nan, 38.6135, 35.9175, 35.8005, 34.9878
5534899, 8.467424e-02, 2.614255e-01, 1.6665, 570198.4406, 1.737878e-02, -1.4945, 6.661214e-07, nan, nan, nan, nan, nan, nan
4109192, 8.693522e-02, 2.594427e-01, 0.7852, 570139.2992, 1.528553e-01, 1.9692, 3.625638e-06, 30.8064, 26.6781, 24.3442, 23.5462, 23.6136, 23.5305
5806714, 8.714677e-02, 2.602884e-01, 2.0252, 570109.1510, 2.746034e-01, 3.2098, 1.807784e-07, 39.7123, 39.2461, 36.3658, 33.7140, 30.2489, 28.5574
901821, 8.490032e-02, 2.621992e-01, 0.8191, 570193.4851, -2.605481e-01, -3.1083, 3.134910e-06, nan, nan, nan, nan, nan, 51.7275
10234971, 8.708888e-02, 2.605597e-01, 1.1870, 570103.8280, 1.214309e-01, 1.0082, 1.121949e-06, 35.6860, 32.8115, 29.3202, 26.7926, 25.5139, 25.2995
10160639, 8.574829e-02, 2.619388e-01, 3.8449, 570040.6064, -1.338371e-01, 1.0265, 9.463624e-08, nan, nan, nan, nan, nan, nan
10797934, 8.489481e-02, 2.615558e-01, 2.7298, 570195.1752, 2.682724e-01, -2.2835, 1.612200e-07, nan, nan, nan, nan, nan, nan
3849243, 8.608863e-02, 2.615425e-01, 1.2214, 570175.1527, 4.602906e-01, 1.1460, 7.474727e-07, nan, 40.8377, 36.7194, nan, 34.9140, 32.6059
15369355, 8.496583e-02, 2.615926e-01, 1.2643, 570169.9652, -3.941897e-02, 3.3529, 8.070860e-07, nan, 30.1008, 29.1701, nan, 29.4254, 27.5671
8452729, 8.501070e-02, 2.615886e-01, 0.9444, 570133.8978, 5.955907e-01, 3.8585, 2.219292e-06, 33.2044, 31.7130, 26.4648, 24.3638, 23.9265, 23.7212
15657291, 8.957493e-02, 2.626166e-01, 2.5516, 570220.5856, -2.108159e-01, 0.0514, 1.144183e-07, nan, nan, nan, nan, nan, nan
11546924, 8.712626e-02, 2.600743e-01, 1.3644, 570096.6112, 2.939020e-01, 1.5419, 6.552189e-07, 36.7455, 35.3575, 35.1243, 28.7496, 27.0194, 26.0540
16402094, 8.530472e-02, 2.617520e-01, 0.2693, 570066.6265, -1.986941e-01, 0.1049, 2.969862e-05, 30.1122, 25.5546, 24.5170, 24.0580, 24.4191, 24.3165
3939960, 8.648725e-02, 2.606328e-01, 1.6187, 570137.5739, 3.702954e-01, -2.4087, 7.408136e-07, 36.3981, 35.9639, nan, 29.4245, 26.5485, 25.7293
2064663, 8.555877e-02, 2.598809e-01, 0.7575, 570032.8385, -3.859011e-01, -4.4384, 6.971761e-06, 24.5775, 24.2585, nan, 27.0436, 26.8385, 26.2780
10936135, 8.603245e-02, 2.613251e-01, 1.7930, 570121.3888, 1.810702e-01, 2.8303, 6.726142e-07, 36.2979, 34.7963, 31.6324, 29.0088, 27.0281, 25.9665
4866640, 8.595454e-02, 2.615160e-01, 0.8410, 570108.1821, -3.311084e-02, -3.8254, 3.925692e-06, nan, nan, 30.5948, 26.0979, 24.5809, 24.2495
9208165, 8.541765e-02, 2.602272e-01, 0.8847, 570055.8128, -8.001664e-01, 8.0735, 2.482310e-06, nan, nan, 24.3458, 27.3047, 26.3707, nan
11976133, 8.530434e-02, 2.603090e-01, 2.1497, 570107.8171, -2.310940e-01, 3.4469, 2.270589e-07, 31.7116, 29.9206, 29.1396, 28.7071, 28.5426, 26.7124
1747204, 8.528539e-02, 2.600736e-01, 2.4569, 570044.9363, 5.570264e-01, 0.2270, 1.956389e-07, 46.3474, 47.3543, 44.2270, 42.8998, 38.3994, 35.3882
14706941, 8.589278e-02, 2.613942e-01, 1.7861, 570149.6568, -2.761401e-01, -3.9572, 5.545233e-07, 25.4836, 25.3765, 24.6386, 26.4367, 26.5821, 26.2476
2271253, 8.640677e-02, 2.609002e-01, 1.2701, 570092.9624, -2.329804e-01, -3.7912, 1.584012e-06, nan, 26.3903, 25.7400, nan, nan, 27.6829
12709241, 8.523197e-02, 2.615930e-01, 0.9932, 570226.9719, -1.086083e-01, 0.6029, 1.577608e-06, nan, 52.7981, nan, nan, 51.5964, 51.5447
11976170, 8.916893e-02, 2.628036e-01, 2.0927, 570198.6095, -1.840533e-01, 1.7961, 4.068094e-07, nan, nan, 53.0006, 51.3326, 53.2292, 51.2686
12406692, 8.911492e-02, 2.628939e-01, 3.1181, 570194.7355, 5.023288e-02, -2.4784, 6.435863e-08, nan, nan, 42.2921, 40.7991, nan, nan
4758680, 8.660876e-02, 2.605730e-01, 2.0998, 570117.6923, -6.140849e-02, 3.7510, 4.592120e-07, 33.3652, 31.2347, 29.3734, 27.8118, 27.1618, 26.3628
3162803, 8.657032e-02, 2.600696e-01, 0.4373, 570092.7603, -2.383062e-01, -1.3441, 1.265486e-05, 24.8175, 26.2681, 25.2104, 24.3714, 24.3227, 24.0995
6236156, 8.635023e-02, 2.611432e-01, 1.3623, 570128.6507, -4.586923e-02, -1.3040, 5.116221e-07, 30.9916, 29.9656, 28.5504, 26.8864, 25.8784, 25.2977
1308836, 8.519622e-02, 2.619254e-01, 0.4969, 570158.4569, -5.124725e-01, 1.1359, 1.171077e-05, 23.0210, 27.5507, 27.9168, 27.4802, 27.7460, 27.7535
8696019, 8.641925e-02, 2.640485e-01, 0.5897, 570149.7743, 2.280941e-01, -2.6569, 7.520364e-06, 28.4755, 28.1892, 25.7117, 25.3662, 24.7798, 24.8678
11268353, 8.626103e-02, 2.611203e-01, 2.4938, 570081.9556, -1.296077e-01, -1.7392, 1.779395e-07, nan, nan, nan, nan, nan, 32.1422
14840917, 8.646263e-02, 2.602213e-01, 1.6530, 570114.9113, -5.539753e-02, 0.3360, 3.281543e-07, 33.1605, 32.1084, 30.6580, 28.7018, 27.4439, 26.5393
7963142, 8.628672e-02, 2.611962e-01, 2.8331, 570134.5947, 7.696914e-02, -2.1407, 2.295197e-07, 40.9527, 35.1455, 33.3881, 32.3161, 33.0691, nan
4636419, 8.943491e-02, 2.628750e-01, 1.2405, 570108.0566, 2.542702e-01, 1.3662, 2.157033e-06, 34.5369, nan, 29.6917, 26.0640, 24.7391, 24.3503
889693, 8.482751e-02, 2.625363e-01, 2.1848, 570043.1653, 3.627888e-01, 0.9627, 2.073035e-07, 44.3617, 43.0208, nan, nan, nan, 32.1139
9260760, 8.635687e-02, 2.640507e-01, 0.7871, 570107.2226, 1.845460e-01, -4.4734, 3.937495e-06, nan, nan, 29.4688, 27.2031, 24.6314, 24.0821
12257332, 8.941571e-02, 2.628746e-01, 1.3121, 570124.0358, -3.799848e-01, 2.3827, 5.099347e-07, 24.1651, 25.0099, 25.5793, 25.6220, 25.4473, 25.3433
12357221, 8.640223e-02, 2.598612e-01, 1.7172, 570181.8101, -4.939887e-02, -0.7370, 5.626180e-07, nan, nan, nan, nan, nan, nan
12170800, 8.860296e-02, 2.609952e-01, 1.5010, 570102.2798, 9.954569e-02, 5.5942, 3.544175e-07, 36.8308, nan, nan, 28.1050, 27.0374, 26.1553
3874224, 8.863191e-02, 2.609085e-01, 0.3126, 570082.2405, 4.340950e-02, -4.8666, 3.892702e-05, 24.6333, 26.6786, 25.6339, 25.9803, 25.5121, 23.8275
6436153, 8.821587e-02, 2.611891e-01, 1.2932, 570131.1805, -1.281142e-01, 4.4977, 1.195103e-06, 28.1121, 27.7097, 26.0289, 24.9351, 24.5654, 24.4211
3677901, 8.805353e-02, 2.612732e-01, 1.5058, 570071.8321, 2.964883e-01, -3.1873, 7.258589e-07, 39.7444, 37.3408, nan, 30.6580, 32.0922, 28.8261
11459460, 8.594130e-02, 2.597717e-01, 1.0684, 570193.3914, -2.178855e-01, -0.4008, 1.627985e-06, nan, nan, nan, nan, nan, nan
3352379, 8.896402e-02, 2.612307e-01, 0.4876, 570134.0366, 8.287823e-02, 0.3305, 9.916260e-06, 27.7517, 23.9496, 22.7174, 22.7508, 22.6336, 22.7562
6796582, 8.893586e-02, 2.612721e-01, 0.7997, 570065.1471, -1.324330e-01, 0.7291, 4.054143e-06, nan, nan, 27.3775, 26.4169, 25.8477, 25.3070
2616528, 8.914746e-02, 2.611853e-01, 1.3320, 570170.9305, -6.246614e-02, 3.1591, 4.766989e-07, nan, 30.6426, 29.7685, 29.6822, nan, 28.2212
2803519, 8.815697e-02, 2.609491e-01, 0.4773, 570105.0786, -2.075054e-01, -1.1838, 1.025024e-05, 24.8634, 25.6861, 24.6054, 23.9233, 23.8471, 23.8431
6072207, 8.918587e-02, 2.609064e-01, 0.6243, 570221.9054, -8.692540e-02, -1.1367, 5.678223e-06, nan, nan, nan, nan, 50.6927, 53.2887
7256793, 8.550002e-02, 2.633800e-01, 3.3749, 570115.4685, 2.726311e-02, 4.6956, 8.550920e-08, 41.8030, 37.4682, 34.6587, 33.8005, 32.5832, 31.1884
10846664, 8.738383e-02, 2.620329e-01, 2.0446, 570091.4752, -4.859501e-01, -2.6855, 1.873322e-07, nan, nan, nan, nan, 27.6702, nan
13418230, 8.964821e-02, 2.614821e-01, 1.0651, 570112.6943, 7.091828e-02, -0.3544, 1.432985e-06, 34.5604, 31.8616, 27.9144, 25.7458, 25.0352, 24.8132
13045441, 8.978389e-02, 2.612248e-01, 1.6135, 570126.1125, 2.260658e-01, -0.9268, 5.076780e-07, 36.3676, 34.9037, 32.4446, 28.9721, 27.0860, 26.0180
13593969, 8.989585e-02, 2.612693e-01, 1.2625, 570067.6667, 1.735472e-01, 0.1049, 8.931040e-07, 37.2414, 41.3356, 31.6252, 29.4832, 27.8852, 27.3855
16665499, 8.739263e-02, 2.616689e-01, 1.4405, 570229.8610, 6.571201e-01, -2.2210, 5.447598e-07, nan, nan, nan, nan, nan, nan
8323271, 8.833658e-02, 2.639532e-01, 0.9738, 570043.6694, 1.332577e-02, 0.9900, 2.310192e-06, 35.2375, nan, 28.9580, 27.5942, 26.8655, 26.5181
2745746, 8.759109e-02, 2.616607e-01, 1.6836, 570126.7047, 3.249460e-01, 2.1003, 4.239370e-07, 37.0945, 36.5164, 34.2528, 29.5624, 27.5212, 26.3127
13594393, 8.733732e-02, 2.618793e-01, 1.2629, 570085.8880, 1.074330e-01, 0.2547, 1.180606e-06, nan, nan, nan, 28.0677, 26.7779, 26.3260
3821204, 8.739883e-02, 2.619005e-01, 1.1105, 570222.2549, -2.881002e-01, 0.0545, 1.403554e-06, nan, nan, nan, nan, 54.5532, 52.6524
2683954, 8.884341e-02, 2.620159e-01, 1.1640, 570124.7920, 1.177739e-01, 0.6019, 1.317045e-06, 33.0597, 31.1206, 27.5036, 25.6078, 24.5657, 24.5031
13343347, 8.535144e-02, 2.635922e-01, 1.7443, 570182.6229, -2.656526e-01, -3.6846, 3.110848e-07, nan, nan, nan, nan, nan, 30.1536
12241453, 8.789963e-02, 2.608848e-01, 1.3442, 570050.7166, 3.812942e-01, 3.5890, 8.113480e-07, 38.8175, nan, nan, 29.7741, 28.7147, 27.5718
7848080, 8.540895e-02, 2.626379e-01, 0.5322, 570190.5900, -1.449417e-01, 0.1909, 8.356943e-06, 53.6824, nan, nan, 50.5364, 50.2256, 49.9605
8517656, 8.536068e-02, 2.630898e-01, 1.0773, 570213.6794, 2.807309e-01, 2.0435, 1.341060e-06, 61.4268, 55.6540, 52.4273, nan, 50.5497, 50.8245
14447850, 8.941043e-02, 2.616703e-01, 1.8475, 570084.2406, 1.729693e-01, -0.7592, 8.036275e-07, 40.0499, nan, 35.8162, 31.9367, 29.3125, 28.1565
11536927, 8.895857e-02, 2.618611e-01, 4.3904, 570204.9530, -4.375001e-01, -1.8095, 3.833663e-08, 35.3913, 32.1250, 27.4774, 26.3206, 26.6383, 27.1337
14919348, 8.522158e-02, 2.627920e-01, 0.5158, 570150.5956, 4.928140e-03, 0.4850, 1.105731e-05, nan, 25.2888, 23.9984, 23.9547, 24.0020, 24.0092
14357301, 8.735680e-02, 2.611424e-01, 2.1870, 570074.0097, 3.564180e-01, -0.4272, 3.768137e-07, 41.9282, 47.4894, 39.6644, 35.1692, 33.6639, 30.5940
2492551, 8.952214e-02, 2.615577e-01, 2.5241, 570079.6254, 5.816379e-01, -2.2326, 2.512077e-07, nan, nan, nan, nan, nan, 34.7041
2206720, 8.958326e-02, 2.614724e-01, 1.2770, 570180.8944, 1.377850e-01, 0.4752, 6.024967e-07, nan, 58.3656, 57.3602, nan, nan, 52.6527
4174946, 8.760724e-02, 2.610105e-01, 3.0771, 570058.5247, -2.514686e-01, -1.9664, 1.513950e-07, nan, nan, nan, nan, 27.6420, 27.3417
13105928, 8.755169e-02, 2.610071e-01, 2.1586, 570078.2641, -3.706385e-01, -3.0700, 2.106144e-07, nan, nan, 28.0511, 26.4461, 26.8000, 28.8607
1811050, 8.740228e-02, 2.614394e-01, 1.8449, 570224.9982, 3.137984e-01, -2.2958, 4.638715e-07, nan, nan, nan, nan, nan, 53.3616
16259139, 8.917724e-02, 2.612592e-01, 3.3344, 570229.7247, 7.003866e-01, 1.6892, 5.246985e-08, 76.1131, 76.9685, nan, nan, 68.2741, 64.8086
11713640, 8.798385e-02, 2.610921e-01, 1.2100, 570069.5400, -2.565212e-01, -2.7792, 9.961429e-07, 29.3313, 26.1433, 26.9962, 29.2491, 28.2007, 28.2264
11501263, 8.777292e-02, 2.611711e-01, 1.0066, 570138.3744, -3.262770e-01, -0.1448, 1.220020e-06, 24.2144, 25.1718, 24.8290, 24.5999, 24.6181, 24.9058
14675458, 8.501133e-02, 2.632346e-01, 1.3071, 570140.8963, -5.907665e-02, 1.9595, 1.164397e-06, 29.4219, 28.4682, 26.5244, 25.1609, 24.5973, 24.4437
10395273, 8.555750e-02, 2.631467e-01, 0.2916, 570096.9112, 1.803481e-01, -6.4028, 3.438221e-05, 26.6939, nan, nan, nan, 23.7090, 22.8160
9780987, 8.548409e-02, 2.632245e-01, 1.4422, 570043.7254, -5.554307e-01, -4.6462, 7.185870e-07, 24.2337, 23.3409, 23.3150, 26.5779, 29.1118, 28.2403
16633752, 8.944876e-02, 2.612589e-01, 2.4506, 570176.7177, -1.321108e-01, 2.1913, 1.621129e-07, 35.9445, 32.0300, 31.3286, nan, nan, 28.7628
16786539, 8.772684e-02, 2.614152e-01, 1.6706, 570071.2760, 4.779392e-03, -4.4120, 3.601345e-07, 37.2010, 35.9318, nan, 30.4525, nan, nan
427637, 8.824501e-02, 2.642007e-01, 1.8726, 570110.6275, 2.815733e-01, -2.9598, 5.126777e-07, 39.5980, 38.6890, nan, 34.1545, nan, 27.9584
17166398, 8.539633e-02, 2.632646e-01, 2.4631, 570155.9763, 2.297581e-01, 2.1014, 1.149920e-07, 41.6555, 38.4848, 36.2374, nan, nan, 30.1984
928787, 8.915433e-02, 2.622712e-01, 0.6850, 570181.6011, 2.236711e-01, -0.7104, 2.581061e-06, nan, nan, nan, nan, 51.3922, 51.7986
8374504, 8.734662e-02, 2.639777e-01, 2.4614, 570146.8693, 3.631941e-02, -1.5718, 1.386917e-07, 38.0563, 33.8627, 32.5289, 31.2820, 32.2708, 29.4218
12563852, 8.953057e-02, 2.619315e-01, 2.8728, 570116.8067, 2.390360e-01, 1.2896, 1.833161e-07, 43.2214, 40.2074, 37.8324, 35.7577, 33.8748, 32.3305
6892196, 8.566006e-02, 2.631329e-01, 0.6746, 570073.8360, -7.757687e-02, 0.3573, 4.523026e-06, nan, 29.4929, 26.9415, 26.0399, 25.3938, 24.9438
4117263, 8.569129e-02, 2.633020e-01, 0.8075, 570225.7933, 2.427156e-01, -2.9372, 1.912127e-06, nan, nan, nan, nan, nan, 51.7641
2850673, 8.630948e-02, 2.631066e-01, 2.2042, 570084.9544, 2.445265e-01, 4.2985, 1.684110e-07, 40.7916, nan, 36.4253, 32.4603, nan, 29.7581
12920764, 8.621720e-02, 2.631140e-01, 1.1479, 570071.3376, 2.116911e-01, -2.1702, 1.079946e-06, 37.2474, 31.8292, 30.5911, 29.3403, 27.9903, 27.6301
6261221, 8.619728e-02, 2.632417e-01, 0.4609, 570118.3891, -2.472021e-01, 4.5425, 1.318260e-05, nan, 23.2980, 22.4739, 22.7901, 22.8424, 23.3275
17063308, 8.603342e-02, 2.631688e-01, 1.7508, 570129.9803, 3.381109e-01, 3.4474, 3.919690e-07, 37.3532, 36.7907, 34.3098, 29.9505, 27.6737, 26.4657
4415618, 8.931370e-02, 2.620093e-01, 1.0359, 570227.2348, -9.580223e-02, 0.5854, 1.516749e-06, nan, 53.0494, 53.4792, nan, 51.6013, 51.7441
3986577, 8.601534e-02, 2.632379e-01, 1.5003, 570176.1301, -3.457494e-02, -4.2798, 4.315536e-07, nan, nan, nan, nan, 29.6799, nan
7908569, 8.604551e-02, 2.634623e-01, 0.8997, 570119.1538, -1.123992e-01, -3.8942, 1.765709e-06, 30.5714, nan, 27.5285, 25.1029, 24.7357, 24.7080
3295192, 8.599895e-02, 2.634395e-01, 3.1109, 570130.8130, 9.614467e-02, -3.7079, 9.989730e-08, 42.5377, 37.3898, 35.0747, 33.8543, 32.9981, 33.4520
2299439, 8.740769e-02, 2.642755e-01, 1.6404, 570214.0368, 1.597706e-01, -2.6428, 3.438015e-07, nan, nan, nan, nan, nan, nan
9562450, 8.725050e-02, 2.643889e-01, 0.7034, 570040.9870, -9.086313e-01, 2.5162, 6.883066e-06, nan, nan, 25.9416, 26.0861, 27.2719, 25.9754
5735984, 8.726404e-02, 2.643908e-01, 2.1501, 570174.6448, -1.912065e-02, 0.1853, 3.962506e-07, 36.5150, 33.7287, 33.1150, nan, 30.0834, 28.9028
6269853, 8.736902e-02, 2.643946e-01, 4.4463, 570135.9587, -3.185840e-01, 2.0795, 4.135894e-08, 35.5286, 33.3080, 27.8845, 26.4354, 26.6179, 26.8614
3524573, 8.927602e-02, 2.621317e-01, 1.8860, 570203.5058, 8.666526e-02, -3.4291, 3.029304e-07, nan, nan, nan, nan, nan, nan
684688, 8.873889e-02, 2.606262e-01, 1.2661, 570209.1317, 1.077118e-01, 2.7493, 9.099897e-07, nan, 54.9057, 53.1792, nan, 52.7773, 50.4425
11273750, 8.785715e-02, 2.642511e-01, 0.6325, 570197.9054, 1.540507e-02, 0.9184, 5.343693e-06, 53.1939, 51.6125, nan, 50.1469, 50.2113, 49.9877
11618288, 8.875655e-02, 2.601344e-01, 0.4097, 570043.3931, 9.615819e-02, -0.4989, 1.331180e-05, 29.8348, 27.4971, 25.6631, 24.7543, 24.4746, 24.7937
14488641, 8.878766e-02, 2.604000e-01, 1.9909, 570131.2766, -6.547054e-02, 0.8758, 1.893173e-07, 32.8085, 31.0569, 30.3482, 29.4844, 27.7883, 27.1767
208363, 8.878175e-02, 2.602707e-01, 0.5383, 570203.0289, 5.864269e-02, 2.7417, 8.393695e-06, 51.3322, nan, 49.3642, 48.9685, 49.0378, 48.9358
6691289, 8.866534e-02, 2.605742e-01, 0.5487, 570094.7443, -3.426186e-03, -1.7625, 6.047083e-06, nan, 28.3544, 26.1732, 25.2490, 24.3334, 24.3866
6884754, 8.689398e-02, 2.624317e-01, 2.4449, 570100.6957, -1.659890e-01, 1.0969, 2.601442e-07, 37.1564, 33.4601, 33.0518, nan, nan, 30.2525
8840792, 8.660016e-02, 2.629079e-01, 1.2490, 570079.9535, -7.272770e-02, 0.7304, 9.099900e-07, 33.6305, 31.9474, 30.4091, 28.2544, 27.0861, 26.7804
4198093, 8.788465e-02, 2.640850e-01, 1.9043, 570153.5003, -1.855290e-02, 3.6654, 3.296355e-07, 32.8575, 31.2283, nan, nan, 26.6587, 26.4709
8907270, 8.752539e-02, 2.605806e-01, 0.8843, 570132.9268, -5.468997e-01, -0.4396, 3.561887e-06, 19.3891, 22.0289, 23.1168, 23.4074, 23.6489, 24.0049
16397139, 8.759752e-02, 2.606665e-01, 1.6073, 570220.7323, -1.563392e-01, -4.7570, 5.694617e-07, nan, nan, nan, nan, nan, nan
14938223, 8.647253e-02, 2.627509e-01, 2.1884, 570087.4383, 6.782127e-02, 0.9106, 3.301612e-07, 43.4316, nan, 35.2868, 31.5602, nan, 29.0186
3847220, 8.655068e-02, 2.627536e-01, 1.1754, 570186.0451, -1.996794e-02, 4.0882, 6.534132e-07, nan, 52.8366, 51.6792, nan, 51.2716, 50.7796
17185217, 8.692515e-02, 2.642216e-01, 3.1836, 570168.6948, -4.776546e-01, 0.5449, 1.028667e-07, 30.9818, 23.2292, 22.4973, 23.4892, 25.3303, nan
1678102, 8.799751e-02, 2.602666e-01, 1.8449, 570122.7791, 1.899702e-02, 0.1148, 3.357874e-07, 34.2743, 32.5543, 31.3155, 29.5754, 27.6618, 26.8039
6700621, 8.797338e-02, 2.607891e-01, 2.2202, 570089.3311, -1.169613e-01, -3.6631, 1.825813e-07, nan, nan, nan, nan, nan, nan
16380880, 8.995161e-02, 2.617494e-01, 1.1146, 570155.9139, 4.270938e-02, 4.2036, 1.153558e-06, 32.2774, nan, 26.5871, 25.6665, 25.0755, 24.9767
14533406, 8.706357e-02, 2.642113e-01, 2.4672, 570141.5669, -3.194475e-01, -5.2186, 1.813256e-07, 28.6100, 25.4900, 25.7787, 28.2695, nan, nan
10999929, 8.706681e-02, 2.640910e-01, 0.4467, 570104.9738, 8.506069e-02, 3.2703, 1.285352e-05, nan, 25.3821, 23.4164, 23.0480, 23.0406, 23.2949
3863000, 8.881126e-02, 2.599115e-01, 1.2565, 570159.3213, -4.017555e-01, 4.1513, 1.079289e-06, 23.7567, nan, nan, 25.0181, 25.0460, 25.2385
7369339, 8.879609e-02, 2.598169e-01, 0.4357, 570059.7854, -5.130136e-01, 0.2508, 1.727444e-05, nan, 26.1439, 25.3527, 24.9575, 25.0006, 25.3336
7689455, 8.875283e-02, 2.598149e-01, 1.6015, 570131.0536, -3.516464e-02, 3.1782, 4.691593e-07, 31.4466, 30.4153, 29.1079, 26.8884, 26.1274, 25.6248
15993841, 8.717383e-02, 2.623262e-01, 2.2535, 570210.4363, 1.052204e-01, 2.9998, 2.075866e-07, nan, nan, 58.6021, 54.9939, 54.2754, 53.2814
13127540, 8.713164e-02, 2.622722e-01, 0.5873, 570051.0476, 5.280383e-02, -0.1243, 8.313425e-06, 33.3668, 28.8680, 26.6606, 25.6952, 24.9483, 24.8734
2686991, 8.709552e-02, 2.623246e-01, 1.2086, 570134.7157, 7.853697e-02, 2.2125, 1.518992e-06, 31.8205, 29.4833, 26.5303, 25.0791, 24.2947, 24.2558
13752878, 8.704909e-02, 2.622696e-01, 2.1981, 570197.4304, -3.393991e-01, 3.6176, 2.670764e-07, nan, nan, 51.1932, 49.1341, 50.2241, 50.7574
6679631, 8.663458e-02, 2.622128e-01, 2.3115, 570199.0547, 4.170621e-01, -3.0161, 1.452746e-07, nan, nan, nan, nan, nan, nan
11967379, 8.660618e-02, 2.622363e-01, 2.0176, 570039.2482, -4.526373e-01, 1.1849, 5.762497e-07, 25.9298, 25.9611, nan, nan, nan, 28.1446
11455812, 8.683360e-02, 2.621936e-01, 3.4950, 570091.1788, 4.099142e-02, 2.2944, 6.874493e-08, nan, 42.7218, 39.3392, 38.3503, nan, nan
14278072, 8.665888e-02, 2.621457e-01, 0.2455, 570034.3582, -3.630146e-02, -3.1007, 7.774284e-05, 25.3676, 24.9875, 23.8389, 23.3811, 24.1998, 23.9532
9623295, 8.816530e-02, 2.601853e-01, 1.0240, 570102.0385, -3.358391e-01, 2.2730, 1.449293e-06, nan, 25.1065, 26.7284, 25.4587, 25.2058, 25.1801
16017454, 8.712786e-02, 2.618275e-01, 2.2612, 570041.5569, -1.105051e-01, 2.3374, 2.288897e-07, 35.9877, 33.5530, nan, nan, nan, 30.5617
15835839, 8.854963e-02, 2.600431e-01, 0.3416, 570160.2426, 3.393137e-01, -3.0243, 1.586933e-05, nan, nan, nan, nan, nan, 51.2097
11470004, 8.855324e-02, 2.600788e-01, 1.0414, 570214.3836, 4.228488e-01, -1.7484, 2.694395e-06, nan, nan, nan, nan, nan, nan
1839430, 8.822910e-02, 2.606230e-01, 1.1038, 570156.7557, 1.886870e-01, -0.2522, 1.269069e-06, 34.7091, 31.6493, 28.8532, 26.7723, 25.9484, 25.9282
10434136, 8.572979e-02, 2.623232e-01, 1.5715, 570049.5288, 1.830966e-01, 2.0050, 8.777607e-07, 38.4395, nan, nan, 30.6261, 29.1335, 28.1788
10701810, 8.595798e-02, 2.621118e-01, 3.0955, 570091.4003, 2.627323e-01, 2.3928, 1.735190e-07, nan, nan, nan, nan, nan, nan
16330216, 8.838687e-02, 2.603618e-01, 3.2489, 570033.0094, 7.751555e-02, 3.9757, 9.924907e-08, 44.5789, 41.0673, 38.8081, 37.7069, 39.1895, 33.5529
12166619, 8.814615e-02, 2.604202e-01, 1.3978, 570088.7985, -4.492574e-02, -0.5244, 9.514462e-07, nan, 32.0932, 29.7181, 28.2809, 27.3477, 26.5170
11397366, 8.639147e-02, 2.618597e-01, 3.2153, 570084.0711, 2.060079e-03, 5.1770, 9.857186e-08, nan, nan, nan, nan, nan, nan
17273249, 8.639979e-02, 2.621079e-01, 2.9497, 570216.5807, 1.452591e-01, -0.6911, 2.024004e-07, nan, nan, nan, nan, nan, nan
12353638, 8.638727e-02, 2.621297e-01, 3.9768, 570057.5108, 2.962120e-01, -0.3065, 4.084846e-08, nan, nan, nan, nan, nan, nan
691722, 8.637354e-02, 2.621460e-01, 0.2874, 570174.2915, -4.263126e-01, -2.5469, 5.005895e-05, nan, nan, nan, 51.5245, nan, nan
11334544, 8.813052e-02, 2.599477e-01, 1.4698, 570129.2585, -4.068271e-01, -4.6909, 7.656296e-07, 22.4140, 23.3146, 24.8413, 25.9724, 25.2429, 24.9351
2725359, 8.807864e-02, 2.598464e-01, 0.3092, 570169.4114, -3.466898e-01, 4.9153, 3.211373e-05, 45.6815, 47.8733, 47.0668, 47.9637, 47.5356, 48.6100
11682634, 8.810882e-02, 2.599247e-01, 0.5988, 570061.2159, -1.213403e-01, 1.9269, 6.881760e-06, nan, nan, 26.4438, 25.6450, 24.9797, 24.9235
15805930, 8.632927e-02, 2.621979e-01, 1.3849, 570141.8752, -1.023537e-01, -3.6249, 6.966312e-07, 29.0490, 28.1879, nan, 26.3157, 26.1013, 25.0949
16158526, 8.609990e-02, 2.620762e-01, 2.5260, 570098.1290, -6.603864e-02, -2.2153, 2.529926e-07, 39.1601, nan, nan, 30.4217, 29.2039, 28.9535
3023301, 8.693690e-02, 2.611151e-01, 0.9201, 570197.2900, -5.423955e-01, -0.6412, 2.656142e-06, nan, nan, nan, nan, nan, 52.9506
9842625, 8.699656e-02, 2.610820e-01, 0.9868, 570064.2172, -1.989870e-01, -5.0152, 1.721746e-06, 30.9588, 26.1327, 27.8379, 28.2976, 28.8006, nan
631872, 8.807023e-02, 2.595184e-01, 0.1334, 570204.5752, 4.098628e-01, -1.2537, 2.035698e-04, nan, nan, 48.9522, 46.8178, nan, nan
9702454, 8.700524e-02, 2.614845e-01, 0.9303, 570201.5087, -9.306007e-02, 0.1495, 3.508280e-06, nan, nan, nan, nan, 51.7826, 50.9611
510847, 8.831502e-02, 2.595510e-01, 0.5506, 570148.8066, -2.252391e-01, -1.3259, 8.731153e-06, 23.2652, 25.1150, 24.3632, 24.4565, 24.5400, 24.6618
6052527, 8.714813e-02, 2.613119e-01, 0.6129, 570033.8609, 1.031621e-01, 8.8466, 3.917496e-06, nan, 29.6210, 26.9444, 25.6231, 24.9499, 24.7586
7160803, 8.715328e-02, 2.613797e-01, 1.4754, 570205.9585, -3.692279e-01, 1.6287, 6.479621e-07, nan, nan, 49.3338, 51.1586, nan, 53.3472
12669005, 8.745161e-02, 2.604549e-01, 1.8614, 570045.3959, 5.108800e-02, 1.5871, 3.702064e-07, 38.6549, 36.6956, nan, nan, 30.2106, 29.8703
12616440, 8.669206e-02, 2.615276e-01, 0.8803, 570181.0871, 6.211008e-01, -4.0569, 1.709196e-06, nan, nan, 53.3355, nan, nan, nan
10323198, 8.678364e-02, 2.614207e-01, 2.9451, 570038.5274, -6.071530e-02, 0.8722, 1.568851e-07, 41.5756, 36.0765, 34.8687, 34.1581, 33.8560, 31.2559
14154948, 8.665468e-02, 2.614332e-01, 1.1663, 570124.7894, 1.788687e-01, 3.9770, 9.930161e-07, 33.9025, 31.4552, 27.5493, 25.7583, 24.8343, 24.7817
843930, 8.693491e-02, 2.614161e-01, 0.3052, 570214.8912, 5.519592e-02, 4.1458, 3.078685e-05, 49.3573, 49.1065, 47.2108, 47.6341, 46.9730, 47.9219
8786539, 8.741620e-02, 2.602295e-01, 1.2243, 570200.5096, -1.644176e-02, 3.5593, 1.630947e-06, nan, 52.2285, 51.0602, nan, 50.9870, 49.6374
6621289, 8.720283e-02, 2.611876e-01, 2.1212, 570038.5360, 2.320052e-01, -0.5395, 2.561707e-07, 42.0443, 40.9234, 36.7265, 33.9637, 32.5701, 31.6310
1085049, 8.875134e-02, 2.634438e-01, 0.5849, 570202.6759, 4.857272e-01, -1.1915, 7.823194e-06, nan, nan, nan, nan, 50.0234, 50.2309
10071292, 8.650539e-02, 2.618223e-01, 0.3760, 570202.3906, -4.206476e-01, -0.5872, 2.122926e-05, nan, nan, nan, 49.9043, 49.9764, 50.1641
3934377, 8.707926e-02, 2.615919e-01, 0.2789, 570036.6614, -4.575698e-02, 2.6997, 3.128944e-05, nan, 25.3419, 24.0885, 23.4812, 23.6209, 23.5924
5918577, 8.710861e-02, 2.616236e-01, 0.4490, 570192.8643, -9.954857e-02, -0.1006, 1.614088e-05, nan, nan, nan, 49.7274, 49.6603, 49.3561
6017716, 8.699344e-02, 2.616104e-01, 2.4737, 570083.5799, -5.104596e-01, -1.5772, 2.484334e-07, nan, nan, nan, nan, nan, nan
5212870, 8.742136e-02, 2.637137e-01, 3.1699, 570039.9660, 5.221124e-02, -2.9252, 1.387626e-07, 44.6486, nan, nan, nan, 33.6169, 34.8494
16681720, 8.645257e-02, 2.621494e-01, 3.3358, 570054.1512, 3.418408e-01, -0.6950, 1.495185e-07, 47.8627, nan, nan, nan, 39.6387, 36.4003
4555379, 8.748688e-02, 2.593429e-01, 1.1555, 570137.5671, -1.389109e-01, 1.4815, 2.448493e-06, 27.0546, 26.1872, 24.8099, 24.1511, 23.6679, 23.8043
8857941, 8.800628e-02, 2.632343e-01, 1.2496, 570169.2980, 3.963760e-02, -0.9650, 1.133863e-06, nan, nan, nan, nan, nan, nan
942066, 8.792642e-02, 2.632614e-01, 1.0203, 570143.9529, -3.076956e-01, -0.3818, 9.705582e-07, 24.6084, 25.3820, 25.3247, 25.0847, 25.0639, 25.3358
3942218, 8.732277e-02, 2.595308e-01, 0.2957, 570205.1462, -5.644642e-02, 5.4159, 2.696715e-05, 48.2180, 48.4663, 47.2196, 47.8008, 47.0671, 47.9943
11512523, 8.732821e-02, 2.594163e-01, 1.2888, 570167.7469, 1.081840e-02, -1.8202, 1.047323e-06, nan, nan, nan, nan, nan, nan
6005225, 8.797313e-02, 2.633822e-01, 0.6518, 570228.0798, 1.412752e-01, 2.5782, 2.696085e-06, 54.3742, 51.3859, nan, 49.8291, 50.5743, 49.8860
4208144, 8.766553e-02, 2.595799e-01, 1.9914, 570217.5158, 1.648938e-01, 2.0330, 3.349152e-07, nan, nan, 57.2182, 54.8468, 54.2456, 52.9461
9717817, 8.680733e-02, 2.616182e-01, 0.9826, 570186.6865, 3.738387e-01, -0.0844, 2.222721e-06, nan, nan, nan, nan, 53.2294, 52.2595
10705978, 8.776213e-02, 2.593446e-01, 0.8686, 570191.5356, -2.772764e-01, 2.6735, 2.579702e-06, nan, 48.8351, 51.0144, 50.0833, 50.1581, 50.5257
6193526, 8.803129e-02, 2.636600e-01, 3.4854, 570087.4011, -1.097146e-01, 3.7877, 4.265667e-08, nan, nan, nan, nan, nan, nan
2381602, 8.766389e-02, 2.637924e-01, 0.9263, 570138.1925, 1.383355e-01, 0.8589, 1.949609e-06, 31.7147, 28.8064, 25.4662, 24.3266, 24.1579, 24.2337
2787506, 8.766522e-02, 2.637218e-01, 1.5381, 570202.3528, -2.273193e-01, 2.5099, 6.706397e-07, nan, 53.3370, 50.1843, 51.1640, nan, 53.3763
4897362, 8.769298e-02, 2.635250e-01, 0.7773, 570124.2347, 6.100690e-02, 1.0753, 4.476351e-06, 29.8839, 26.7575, 24.4439, 23.4210, 23.4801, 23.3355
6292642, 8.876328e-02, 2.624999e-01, 1.7878, 570066.1616, 2.681758e-01, -0.3216, 3.071822e-07, 40.7212, 39.9807, nan, 34.6983, 31.2343, 29.8002
12684508, 8.738592e-02, 2.596225e-01, 2.5211, 570034.5341, -2.258658e-01, 4.7428, 2.303774e-07, 34.4040, 30.9594, 30.8165, nan, nan, nan
16674886, 8.748140e-02, 2.595578e-01, 1.4094, 570217.9499, -2.054797e-01, 4.1542, 1.103382e-06, nan, 50.7064, 49.6405, 49.8977, nan, 50.5561
5588466, 8.845239e-02, 2.631056e-01, 1.5602, 570052.9929, 2.520051e-01, 0.2786, 6.749310e-07, 39.0797, 42.0489, nan, 31.2414, 29.7039, 28.4612
9663394, 8.798559e-02, 2.598099e-01, 2.3879, 570088.7969, -9.159528e-02, 0.5006, 2.976644e-07, nan, nan, nan, 33.6954, 32.2228, 30.7311
16344024, 8.849766e-02, 2.627570e-01, 1.1556, 570049.4630, 1.217610e-01, 0.3673, 1.084263e-06, 37.1777, nan, 31.0425, 29.1395, 27.8609, 27.3933
10420966, 8.790438e-02, 2.599217e-01, 1.6478, 570109.2479, 1.100898e-01, -1.1656, 4.598613e-07, 37.2282, 35.9902, 32.3794, 30.0628, 28.1435, 26.7565
11431301, 8.765665e-02, 2.600014e-01, 1.0153, 570114.1597, -9.944391e-02, 1.5180, 1.737887e-06, 32.0902, nan, 26.2857, 24.9345, 24.5396, 24.6012
9338738, 8.768704e-02, 2.599499e-01, 0.7750, 570062.7707, 9.896697e-02, -1.3942, 3.605053e-06, 32.2779, 29.0769, 28.4065, 26.8030, 26.3690, 25.5423
10135324, 8.766560e-02, 2.598659e-01, 1.1060, 570194.3858, -3.721072e-01, -3.3689, 1.904840e-06, nan, nan, nan, 52.0144, nan, nan
13723205, 8.828193e-02, 2.632394e-01, 1.6368, 570154.2664, 3.106939e-01, -5.7936, 4.642737e-07, nan, 35.3718, 30.8332, nan, 28.4302, nan
3481737, 8.825965e-02, 2.631970e-01, 2.0023, 570197.9178, 4.737720e-01, 4.0728, 3.270601e-07, 64.9447, 63.6226, 60.6989, 56.9283, 54.7406, 53.0540
12588675, 8.807703e-02, 2.634313e-01, 2.7111, 570213.8751, 4.678855e-01, 2.0690, 1.158592e-07, 69.6397, 70.1269, nan, 62.9413, 60.0264, 58.2014
7816184, 8.885866e-02, 2.606169e-01, 0.5946, 570211.4874, -8.326514e-02, 3.1121, 6.262153e-06, 50.0334, 49.6922, 50.6531, 49.1221, 49.7328, 49.4166
689529, 8.889633e-02, 2.605520e-01, 1.1212, 570171.3136, -1.274659e-01, 4.5098, 1.402309e-06, nan, 29.3283, 28.9582, nan, 28.6261, 29.1661
6725863, 8.852993e-02, 2.633017e-01, 2.2733, 570038.5660, 4.083442e-01, 2.9439, 2.674592e-07, nan, 47.0261, nan, nan, nan, 32.3904
13251302, 8.859201e-02, 2.631211e-01, 1.8955, 570188.1868, -2.930686e-01, -1.7609, 2.982187e-07, nan, nan, nan, nan, nan, nan
2371522, 8.855678e-02, 2.631233e-01, 2.1949, 570108.1893, -3.858067e-01, 0.1821, 1.943934e-07, 27.8587, 26.4330, 27.2534, 28.0337, 28.1741, 27.1140
9840135, 8.904519e-02, 2.601317e-01, 0.9728, 570050.7659, -5.341826e-01, -0.1571, 2.389251e-06, 24.9617, 25.3856, 26.9957, 27.2128, 26.9327, 26.8228
16078783, 8.834647e-02, 2.635024e-01, 2.0385, 570105.8133, 1.363837e-01, -0.2318, 3.238313e-07, 39.3908, 38.0676, 35.8421, 33.5410, 30.1318, 28.4634
5863392, 8.821227e-02, 2.634272e-01, 0.6725, 570131.1714, -3.373316e-01, -0.5601, 4.784928e-06, 23.5116, 23.9871, 23.4226, 23.3984, 23.6916, 23.7793
1508687, 8.816047e-02, 2.634566e-01, 1.3049, 570125.3703, 3.487673e-01, 1.8606, 8.527619e-07, 35.1355, 34.6225, 29.8886, 26.8547, 25.4493, 24.8923
4261437, 8.835139e-02, 2.633487e-01, 0.6989, 570040.4858, -4.551129e-01, -3.8371, 4.955202e-06, 23.9188, 24.4425, 27.3903, 27.3466, 26.8834, 26.6723
1232987, 8.568213e-02, 2.638285e-01, 1.0906, 570215.9013, -1.683322e-01, -2.0120, 1.949520e-06, nan, nan, nan, 53.3960, nan, nan
11652994, 8.901722e-02, 2.602881e-01, 1.0933, 570043.1670, -1.606183e-01, -1.8564, 1.437654e-06, 32.5690, 28.0717, 28.0082, 28.3205, 27.8512, 27.4590
14789943, 8.600597e-02, 2.636747e-01, 1.6346, 570052.5266, 1.786396e-01, 2.8399, 5.767384e-07, 39.0887, nan, nan, 32.5148, 29.8855, 28.4503
8508314, 8.638143e-02, 2.632486e-01, 1.0751, 570138.8049, 2.485381e-01, -4.1398, 1.404387e-06, 33.8858, nan, 27.6240, 25.4649, 24.5359, 24.4867
11295557, 8.619608e-02, 2.637472e-01, 1.4125, 570174.7740, 1.528270e-01, -1.8820, 6.647616e-07, nan, nan, nan, nan, nan, nan
11384541, 8.889081e-02, 2.599834e-01, 3.2238, 570168.7475, 4.564686e-01, 3.6392, 6.605184e-08, nan, nan, 44.0368, 41.2735, nan, nan
8287768, 8.616896e-02, 2.637395e-01, 2.4030, 570217.8560, 1.693185e-01, 2.1267, 1.701967e-07, nan, nan, nan, 56.8680, 55.2228, 56.0917
3607803, 8.720621e-02, 2.624594e-01, 2.4235, 570104.5028, 1.397764e-02, -1.3921, 2.388910e-07, 39.6353, 35.8415, 34.5971, 33.2224, 31.9893, 30.0625
7856528, 8.691464e-02, 2.626569e-01, 2.1759, 570042.2367, -4.430644e-01, 5.5600, 2.112656e-07, 27.0105, 26.3001, nan, nan, nan, 28.6895
425919, 8.719677e-02, 2.630110e-01, 0.3827, 570228.2913, -5.262084e-01, -4.2095, 2.788164e-05, nan, nan, nan, nan, nan, nan
16693968, 8.659353e-02, 2.630876e-01, 3.5659, 570127.5267, 1.362688e-01, 4.4262, 8.743292e-08, 44.0444, 40.5080, 36.8488, 35.4866, 34.4223, 34.5257
7932049, 8.693699e-02, 2.628806e-01, 0.8356, 570045.8492, 2.809233e-01, 4.3626, 3.395046e-06, nan, nan, 27.9743, 26.6314, 25.8125, 25.2963
3278856, 8.895264e-02, 2.599819e-01, 1.0756, 570139.2848, 4.064531e-01, 1.6404, 1.430405e-06, 33.9707, 32.4623, 27.4358, 25.1621, 24.4154, 24.3149
3371418, 8.673753e-02, 2.637250e-01, 2.1426, 570230.5344, 7.585901e-02, 4.3330, 2.315014e-07, nan, nan, 56.2978, 53.8155, 54.3776, 51.8754
13016890, 8.714501e-02, 2.634454e-01, 0.8931, 570207.9678, -1.293370e-01, -2.0469, 1.898720e-06, nan, nan, nan, nan, nan, nan
5233668, 8.917584e-02, 2.600186e-01, 1.0187, 570034.1481, -2.967090e-01, 0.5816, 2.608412e-06, nan, nan, 29.4843, 27.5566, 27.0222, 26.5822
4576207, 8.685720e-02, 2.631619e-01, 1.2077, 570126.4840, -4.484802e-04, -2.8439, 1.139975e-06, 31.1071, 29.8192, 27.9534, 25.8810, 24.8043, 24.6057
11401708, 8.645060e-02, 2.637366e-01, 3.1877, 570097.4927, 2.340524e-01, 2.9720, 1.113808e-07, nan, 44.3210, 41.1648, 39.5034, nan, nan
5671455, 8.679972e-02, 2.631773e-01, 2.3230, 570086.4267, 2.099795e-01, 5.0504, 2.394921e-07, 40.6319, nan, 37.7404, 32.2698, 31.3465, 30.3766
4713005, 8.881981e-02, 2.611613e-01, 1.5604, 570183.7566, -5.785797e-01, -1.8215, 6.375855e-07, nan, nan, nan, nan, nan, nan
13322827, 8.869872e-02, 2.613798e-01, 2.4725, 570110.0449, -1.848872e-01, 0.4698, 2.143243e-07, 33.7499, 30.1947, 29.8920, 29.2393, 28.9227, 28.3476
8528773, 8.864379e-02, 2.614017e-01, 0.1727, 570179.8891, -2.291788e-01, -3.6216, 1.098393e-04, nan, nan, nan, nan, nan, nan
8486267, 8.844483e-02, 2.613998e-01, 1.0612, 570109.5930, -9.917392e-02, 0.6084, 9.941055e-07, nan, nan, 27.5919, 26.0177, 25.4296, 25.3013
11528021, 8.867376e-02, 2.612256e-01, 1.2976, 570053.5995, 4.645819e-02, 4.7430, 6.655480e-07, 37.2109, nan, nan, 28.6126, 28.5792, 27.4956
11273515, 8.834318e-02, 2.623082e-01, 0.6307, 570081.6257, 2.794106e-01, -1.5616, 1.417538e-05, 31.0837, 28.6410, 25.9009, 24.8928, 23.8178, 23.6577
1046867, 8.858665e-02, 2.620997e-01, 1.6714, 570173.4627, 4.302507e-01, -5.2107, 4.639482e-07, nan, 40.4268, nan, nan, nan, 30.7624
16655879, 8.744417e-02, 2.623155e-01, 2.4288, 570185.4084, -3.640932e-01, -5.5190, 2.675886e-07, nan, nan, nan, nan, nan, nan
5469586, 8.750843e-02, 2.621534e-01, 1.2960, 570179.8818, -2.477253e-01, -1.8530, 1.234407e-06, nan, nan, nan, nan, nan, nan
6427779, 8.788794e-02, 2.619266e-01, 1.7433, 570164.4890, -2.440489e-01, 0.0629, 6.014145e-07, 27.8279, 27.4334, 28.0885, 27.6019, 26.9979, 26.7273
13669959, 8.795347e-02, 2.618918e-01, 1.5322, 570148.0843, 1.955439e-01, -7.9728, 7.985328e-07, 36.2232, 31.8462, 29.6093, nan, nan, nan
11446976, 8.801312e-02, 2.622697e-01, 1.0754, 570107.6565, -2.096174e-02, 1.0078, 1.367938e-06, nan, nan, 27.5405, 25.8571, 25.1007, 24.9551
556559, 8.771312e-02, 2.620629e-01, 1.9907, 570132.2515, 9.445037e-02, 1.9981, 2.590779e-07, 36.1923, 33.9401, 32.2419, 30.2618, 28.0446, 27.1616
15044493, 8.818043e-02, 2.619964e-01, 1.8071, 570082.5965, -2.511744e-01, -0.1153, 2.561597e-07, nan, nan, nan, nan, 28.6875, 28.4647
12614008, 8.808152e-02, 2.618538e-01, 0.8711, 570231.2940, 1.578193e-01, -4.5951, 1.659264e-06, nan, nan, nan, nan, nan, nan
13621204, 8.861345e-02, 2.616182e-01, 3.6508, 570140.6297, 1.431061e-01, -0.0621, 1.039318e-07, 43.7746, 40.7487, 36.7797, 35.4288, 34.3358, 33.4796
4101631, 8.861710e-02, 2.616639e-01, 0.8243, 570130.2787, -2.178463e-01, 0.4698, 2.841490e-06, 25.6882, 25.4388, 24.3232, 23.7834, 23.9431, 24.0399
8167494, 8.765489e-02, 2.623410e-01, 0.7080, 570126.2517, 2.293687e-01, -3.1054, 4.665621e-06, 31.9661, 28.2960, 24.4542, 23.4101, 23.3495, 23.1284
16994379, 8.752510e-02, 2.627307e-01, 2.4029, 570047.8574, 1.971093e-01, 2.8072, 2.860141e-07, 43.0794, 40.2414, 38.2166, nan, 32.1706, nan
377871, 8.739740e-02, 2.627850e-01, 0.9479, 570099.0081, 3.300906e-01, 3.8264, 1.711577e-06, 34.3130, nan, 27.8147, 25.5433, 24.8978, 24.7549
4259484, 8.755271e-02, 2.626234e-01, 0.6951, 570192.9263, 1.288102e-01, 0.6437, 5.373515e-06, 55.7643, 52.8672, nan, 50.4371, 50.0887, 49.9811
15418081, 8.763535e-02, 2.623940e-01, 1.6143, 570116.1548, 6.459186e-02, -1.5163, 1.029587e-06, 34.3038, 33.3411, nan, 29.0526, 26.4928, 25.5544
11263628, 8.854583e-02, 2.624282e-01, 2.3892, 570208.5940, 1.524285e-01, 4.0303, 1.529444e-07, nan, nan, nan, 55.9762, 54.4475, 55.0247
3629976, 8.729546e-02, 2.636211e-01, 0.9750, 570150.7966, -4.875590e-01, -4.8535, 1.752181e-06, 21.3191, 20.4301, nan, nan, 26.7147, 28.2940
12309188, 8.753011e-02, 2.634938e-01, 3.7874, 570128.8429, -2.491495e-01, 1.9580, 7.108225e-08, 36.4883, 31.4449, 28.1103, 27.7423, 27.8515, 28.0619
15298198, 8.739338e-02, 2.636681e-01, 0.3877, 570078.7370, 2.359485e-01, -0.3325, 2.720296e-05, 29.2622, 26.2933, 24.5013, 23.4210, 23.0856, 23.1830
3173144, 8.736342e-02, 2.631700e-01, 1.7921, 570150.5096, 2.443904e-01, -3.9757, 2.935145e-07, 38.0977, 35.9316, 32.0458, 31.4309, 28.9526, 28.1109
11822270, 8.788973e-02, 2.630543e-01, 0.2309, 570091.6197, -5.100164e-01, -3.3062, 6.681812e-05, 21.4021, 24.3999, 24.1657, 24.3242, 24.3497, 24.4421
2740612, 8.772695e-02, 2.630704e-01, 1.1222, 570094.1331, -3.928252e-01, -0.0864, 1.173551e-06, nan, nan, 27.8067, 26.8115, 26.1480, 25.9634
11441108, 8.773853e-02, 2.630850e-01, 3.5734, 570155.3502, 2.259210e-01, 1.0130, 1.037171e-07, 45.0244, 42.2266, 38.3416, 36.7721, 35.4000, 34.7380
7937563, 8.803123e-02, 2.627710e-01, 0.7627, 570111.1431, -1.881264e-01, 4.5472, 3.217494e-06, nan, nan, 24.5628, 23.8230, 24.2052, 24.0463
9898279, 8.755370e-02, 2.629060e-01, 3.5325, 570049.8790, 1.902700e-01, -3.3952, 1.361781e-07, 44.7300, nan, nan, nan, nan, 33.1535
14610723, 8.759507e-02, 2.628424e-01, 0.9563, 570192.9884, -7.336227e-02, 1.3401, 1.483306e-06, nan, 52.2319, 54.9309, nan, 51.0452, 50.9752
13175779, 8.754793e-02, 2.630978e-01, 0.7980, 570090.6546, -2.502602e-02, 5.3933, 3.616150e-06, nan, 28.8127, 26.1799, 24.8990, 24.4718, 24.0448
13989468, 8.752099e-02, 2.629691e-01, 4.7053, 570091.1823, -3.666582e-01, 2.6837, 4.703795e-08, 36.5754, 36.2251, 29.4021, 27.4904, 27.4051, 27.8867
8506381, 8.791720e-02, 2.625565e-01, 1.0755, 570224.2525, 2.941352e-03, 2.2431, 1.241984e-06, nan, 52.7112, 51.4550, nan, 50.5084, 50.9173
4472125, 8.782462e-02, 2.627983e-01, 1.3380, 570097.4008, 3.949062e-01, -7.3400, 7.270013e-07, nan, nan, 33.6990, nan, nan, nan
