#snid, snra, sndec, z, t0, c, x1, x0, mag_u, mag_g, mag_r, mag_i, mag_z, mag_y
3507936, 8.634686e-02, 2.603437e-01, 0.8662, 570065.1132, -9.295503e-02, -1.3341, 3.261936e-06, 30.7861, 27.4007, 29.6448, 27.0730, 26.5311, 26.1685
45616, 8.534903e-02, 2.609907e-01, 0.5016, 570132.2989, 9.148908e-02, 2.7805, 7.349031e-06, 27.8897, 24.5219, 23.1564, 23.0591, 22.8859, 23.1017
2045958, 8.533871e-02, 2.607300e-01, 1.9977, 570089.8790, 5.355234e-02, -3.6435, 2.860411e-07, nan, nan, nan, nan, 30.3025, nan
3672602, 8.635593e-02, 2.602747e-01, 1.4364, 570156.9855, -5.860795e-01, -2.1242, 7.300005e-07, 18.2531, 19.8769, 21.6871, 25.1542, 25.5699, 25.2628
7817980, 8.632466e-02, 2.607879e-01, 0.5876, 570078.4318, 1.801572e-02, -1.1153, 7.661675e-06, 29.6232, 27.9968, 26.4629, 25.7252, 24.8474, 24.9215
10342097, 8.896703e-02, 2.607238e-01, 1.1275, 570117.6414, -5.517173e-01, 5.7414, 1.414066e-06, nan, nan, nan, 24.4568, 24.1480, 24.5414
15816490, 8.908595e-02, 2.605999e-01, 1.2994, 570159.3817, 1.517792e-01, 3.7115, 1.202910e-06, 33.7486, nan, 28.5053, 25.8657, 24.8338, 24.7451
17357122, 8.548443e-02, 2.606276e-01, 2.5711, 570233.6168, 3.961262e-02, -0.5245, 1.621600e-07, nan, nan, nan, nan, nan, nan
8262425, 8.890447e-02, 2.636638e-01, 1.0227, 570057.7005, -3.701349e-01, 3.8946, 1.673671e-06, 28.2921, nan, nan, 27.5268, 26.8902, 26.5460
7263698, 8.575438e-02, 2.610334e-01, 3.5136, 570097.4849, 4.346194e-01, 3.3698, 1.107846e-07, nan, nan, 48.6693, 45.3770, nan, nan
12137579, 8.574557e-02, 2.609581e-01, 0.6338, 570091.4656, -2.087904e-01, -1.9916, 1.065111e-05, 24.6893, 25.7314, 25.9143, 25.3891, 24.5596, 24.5376
101379, 8.586001e-02, 2.608611e-01, 0.4179, 570236.2527, -2.209909e-01, 1.6359, 1.552205e-05, 48.1362, nan, 48.7918, 49.0497, 49.1628, 48.7094
16574467, 8.487367e-02, 2.612660e-01, 1.9944, 570146.8390, -1.499786e-01, -5.2141, 3.448102e-07, 29.9143, 28.5748, 28.8590, nan, 30.2359, 26.6158
7010511, 8.569354e-02, 2.638673e-01, 0.6865, 570100.8358, -1.543436e-01, -0.7837, 1.160999e-05, 28.4196, 27.0344, 25.2593, 24.3737, 23.8441, 23.4826
8481405, 8.582894e-02, 2.639030e-01, 1.0233, 570183.9928, 3.242840e-01, 4.7105, 1.392189e-06, 60.7984, 54.7991, 51.7607, nan, 49.7435, 49.6162
15953230, 8.515362e-02, 2.607274e-01, 0.2338, 570138.3565, 6.388533e-01, 0.2007, 6.083237e-05, 25.5556, 21.4850, 20.5904, 20.0431, 20.2196, 20.3885
9202044, 8.578756e-02, 2.609514e-01, 2.2909, 570075.0486, 2.474262e-01, 0.9735, 2.344067e-07, nan, nan, nan, nan, nan, 32.5779
4517009, 8.495448e-02, 2.609818e-01, 0.3664, 570156.9991, 5.190028e-01, 0.6055, 2.757619e-05, 30.3505, 25.2100, 23.6205, 23.1690, 22.8467, 22.7817
6425989, 8.953957e-02, 2.604068e-01, 0.3384, 570194.4992, 5.301086e-01, -1.1888, 3.210934e-05, nan, nan, nan, 49.4799, 48.4939, 48.0178
2817638, 8.635024e-02, 2.604599e-01, 0.5017, 570086.8176, 6.160631e-02, -2.1084, 1.642847e-05, 27.9043, 27.2632, 25.4713, 24.7393, 24.2762, 24.0355
12684012, 8.629696e-02, 2.639783e-01, 2.6112, 570109.0222, -6.387793e-01, -1.5505, 1.321475e-07, 23.9237, 21.2331, 22.4761, 24.4654, 25.3964, 26.5179
7194718, 8.614067e-02, 2.608921e-01, 1.4113, 570146.8280, 7.072162e-02, -4.6059, 9.211602e-07, 32.5584, 30.8586, nan, 26.7084, 26.0887, 24.8662
6197349, 8.529076e-02, 2.605332e-01, 1.0468, 570228.8672, 2.991030e-02, -0.1135, 1.828639e-06, nan, nan, nan, nan, 54.4482, 53.6824
2279785, 8.493931e-02, 2.610566e-01, 1.1003, 570206.1172, -7.362969e-02, 1.8983, 1.371566e-06, nan, 52.0322, 51.3070, nan, 50.5849, 51.0726
13067087, 8.502174e-02, 2.608630e-01, 1.5686, 570160.1359, 4.462592e-02, -0.2851, 6.813518e-07, 32.9707, 31.2668, 29.7032, 27.6445, 26.3915, 25.9786
16596818, 8.505759e-02, 2.609900e-01, 2.5508, 570056.5161, -1.965291e-01, -0.5312, 1.547606e-07, 36.4201, 32.8926, 32.6260, 32.2849, nan, nan
17081836, 8.944301e-02, 2.632862e-01, 2.1173, 570139.3507, 2.558385e-01, 4.4156, 2.576093e-07, 38.6240, 37.2160, 34.7077, 31.6602, 29.3196, 27.6143
331975, 8.611692e-02, 2.606486e-01, 0.8593, 570098.0137, -3.313707e-01, 0.9160, 3.034222e-06, nan, nan, 26.4025, 25.6016, 25.1848, 25.0094
17040958, 8.608780e-02, 2.605016e-01, 3.4322, 570228.9859, 1.870527e-02, 0.0210, 7.277111e-08, nan, nan, nan, nan, nan, nan
7300361, 8.615598e-02, 2.638981e-01, 3.3820, 570155.5615, -3.265923e-01, 0.4793, 1.098337e-07, 34.0608, 27.0958, 25.3100, 25.7011, 26.0118, 26.4178
13528742, 8.572480e-02, 2.604360e-01, 1.1066, 570148.8763, -2.844646e-01, -0.7448, 1.594557e-06, 24.4203, 24.8901, 25.0020, 24.6148, 24.3147, 24.5548
2442775, 8.573487e-02, 2.605085e-01, 3.0565, 570131.1740, -1.608110e-01, -1.6251, 1.561638e-07, 37.1088, 30.5776, 29.1700, 28.9452, 28.7068, 28.8003
13926415, 8.513366e-02, 2.609316e-01, 2.4608, 570094.3072, -2.723738e-01, 2.2499, 2.713341e-07, nan, nan, nan, 29.3971, 28.0113, nan
6065274, 8.584370e-02, 2.612235e-01, 0.6203, 570158.2482, -2.207928e-01, -0.5361, 7.394601e-06, 24.7380, 25.7669, 24.8350, 24.8474, 24.8445, 25.1205
16310453, 8.570951e-02, 2.605275e-01, 1.8089, 570131.8574, -3.931438e-01, -5.1409, 3.924665e-07, 23.7073, 23.9227, 24.7662, 26.0830, 27.7480, 26.2383
10094272, 8.718700e-02, 2.595779e-01, 0.3774, 570213.5196, 2.930207e-01, -0.9939, 1.714658e-05, nan, nan, nan, 49.7880, 49.3167, 49.4493
5830763, 8.562269e-02, 2.613770e-01, 2.8756, 570180.6081, 5.273409e-02, -0.1654, 1.785279e-07, 40.9540, 36.0216, 34.1552, 32.8688, 31.5573, 31.0580
9045229, 8.567788e-02, 2.602966e-01, 2.0960, 570044.1736, -1.759554e-02, -4.1468, 3.023238e-07, 37.2990, 35.8736, 30.8646, 29.0126, 29.2658, nan
17415592, 8.559451e-02, 2.613684e-01, 6.4596, 570050.9225, 4.502955e-01, -0.8721, 1.106092e-08, nan, nan, nan, nan, nan, nan
10155700, 8.907952e-02, 2.624292e-01, 1.1468, 570083.8227, 2.934688e-01, 2.9835, 1.407249e-06, 36.0797, nan, 31.4733, 27.8467, 26.3729, 25.8361
9780061, 8.665447e-02, 2.599213e-01, 1.4135, 570210.3020, -3.414941e-01, -1.0391, 9.238510e-07, nan, nan, nan, nan, nan, nan
13930732, 8.656579e-02, 2.599824e-01, 0.9892, 570166.9558, -3.581027e-02, -4.0445, 2.455224e-06, 32.7005, 29.0181, nan, nan, nan, nan
2036979, 8.600642e-02, 2.641022e-01, 1.8419, 570078.7730, 1.434379e-01, 2.4764, 6.026003e-07, nan, nan, nan, nan, 30.0237, 27.9623
14299627, 8.588032e-02, 2.640253e-01, 0.5053, 570170.1674, 2.658891e-01, -5.1042, 9.413500e-06, nan, 53.6365, nan, nan, nan, nan
4445519, 8.518349e-02, 2.612944e-01, 1.4626, 570173.8037, 1.288973e-01, -0.8554, 8.415983e-07, 38.2263, 34.2385, 33.2166, nan, 29.3574, 28.3594
3014102, 8.518210e-02, 2.615199e-01, 0.9873, 570115.2551, -7.982119e-01, -0.1440, 1.766482e-06, nan, nan, 24.7186, 24.8954, 25.0555, 25.2461
14315752, 8.679163e-02, 2.597874e-01, 2.1497, 570160.2152, -1.249066e-01, 3.2500, 2.986179e-07, 31.2521, 29.1957, nan, nan, 27.4025, 26.2188
15666728, 8.685705e-02, 2.599382e-01, 2.6894, 570190.9976, 2.060199e-01, -2.4083, 1.928654e-07, 43.3384, 41.6346, 39.3787, 34.8740, 32.8999, nan
1555401, 8.671987e-02, 2.600179e-01, 1.0776, 570133.3370, 5.916375e-01, -3.7238, 1.641107e-06, 34.2259, 34.1710, 29.1725, 25.6565, 24.3615, 24.1261
1893271, 8.618244e-02, 2.600732e-01, 1.6996, 570211.5496, 6.857524e-02, 1.5418, 4.171349e-07, nan, nan, 54.8525, 54.3505, 52.7777, nan
7419099, 8.600030e-02, 2.640825e-01, 1.2852, 570154.8226, 2.570270e-01, -1.3942, 8.566244e-07, 35.0855, 32.3701, 29.6257, 26.8504, 25.9219, 25.3546
10236177, 8.717805e-02, 2.638910e-01, 0.3333, 570194.0449, 3.267919e-01, -1.4364, 3.775277e-05, nan, nan, nan, 49.9907, 49.1853, 48.3262
3331209, 8.705100e-02, 2.639797e-01, 1.5452, 570190.9621, -4.050978e-02, -0.3172, 6.795418e-07, nan, nan, nan, nan, nan, nan
7253194, 8.932303e-02, 2.626019e-01, 0.9883, 570176.1446, 2.854436e-01, -5.4925, 1.866723e-06, nan, nan, nan, nan, nan, nan
17372197, 8.709509e-02, 2.597608e-01, 2.6951, 570042.9037, 3.662233e-01, 2.8160, 2.425047e-07, nan, 45.7293, 42.2555, nan, nan, nan
5726771, 8.549200e-02, 2.612139e-01, 0.8754, 570143.5813, 4.026724e-01, -3.4163, 2.310833e-06, 33.1000, 31.1332, 25.9467, 24.3644, 24.0069, 23.9265
2673376, 8.890548e-02, 2.630002e-01, 1.1322, 570118.7914, 1.663724e-01, 5.8424, 1.469537e-06, 33.9705, nan, 27.1894, 25.5083, 24.2834, 24.3276
4188292, 8.651178e-02, 2.608644e-01, 1.7869, 570104.5379, -4.537999e-01, 0.6423, 4.621938e-07, nan, nan, nan, nan, 26.4166, 26.4875
8277490, 8.652553e-02, 2.608568e-01, 2.4477, 570222.1344, 1.414436e-01, 0.6823, 2.230728e-07, nan, nan, nan, 57.8995, 56.1212, nan
13818104, 8.891088e-02, 2.627046e-01, 2.0783, 570183.9041, -4.461245e-01, -0.2209, 5.298141e-07, 28.0935, 26.7893, 27.1883, 27.9789, 29.4830, nan
7189319, 8.914963e-02, 2.625729e-01, 1.4908, 570234.7952, 2.906985e-02, 1.0341, 4.775573e-07, nan, 57.7904, 54.3293, 53.4408, nan, nan
15352105, 8.671758e-02, 2.611568e-01, 3.9480, 570079.1464, -2.760000e-01, -3.7681, 6.810769e-08, nan, nan, nan, nan, nan, 33.4740
12429071, 8.511385e-02, 2.622849e-01, 1.6506, 570082.8682, -1.541734e-01, 1.4276, 4.628258e-07, nan, nan, nan, nan, 28.2746, 27.6331
14569271, 8.667003e-02, 2.639117e-01, 1.4608, 570153.5986, 1.033074e-01, 2.1526, 7.859710e-07, 33.3257, 33.4954, 30.4930, 26.6061, 25.3817, 24.9775
15131771, 8.515662e-02, 2.621975e-01, 2.4539, 570078.4618, 3.226191e-01, 2.4732, 2.672306e-07, nan, nan, nan, nan, nan, nan
156051, 8.578443e-02, 2.621624e-01, 0.1552, 570199.5883, 1.124126e-01, -1.2414, 1.045695e-04, nan, nan, 50.3248, 48.4589, nan, nan
5179639, 8.689282e-02, 2.603857e-01, 0.1945, 570186.2360, -5.922522e-03, 3.5542, 8.637123e-05, 46.9623, 47.8509, 46.5388, 46.3914, 47.1699, 46.1669
4670374, 8.906795e-02, 2.626305e-01, 1.6600, 570150.8860, 1.734387e-01, 2.0145, 6.048394e-07, 35.1804, 33.5540, 31.3390, 27.8020, 26.4257, 25.4530
7220831, 8.567151e-02, 2.621294e-01, 3.2777, 570193.3489, -4.762186e-01, 5.9902, 1.061524e-07, 34.0435, 25.3291, 24.1336, 24.9355, nan, nan
5806714, 8.714677e-02, 2.602884e-01, 2.0252, 570109.1510, 2.746034e-01, 3.2098, 1.885697e-07, 40.0805, 39.7365, nan, nan, 30.9661, 28.4609
9565925, 8.546066e-02, 2.620510e-01, 0.7192, 570111.5816, -3.534575e-01, 5.1285, 4.701988e-06, 23.6852, 23.8621, 24.1634, 23.7493, 24.0252, 24.2703
13498792, 8.572311e-02, 2.616105e-01, 1.7529, 570162.2298, 5.437685e-01, -2.6718, 5.414473e-07, 39.2152, 38.6107, 34.4141, 33.2807, 29.3608, 28.3648
10234971, 8.708888e-02, 2.605597e-01, 1.1870, 570103.8280, 1.214309e-01, 1.0082, 1.200833e-06, 36.2223, 32.2629, 29.6806, 27.1191, 25.7809, 25.5183
5037471, 8.487276e-02, 2.624478e-01, 2.5639, 570229.6240, -1.593156e-02, 4.3776, 1.433629e-07, nan, nan, nan, 54.3040, 53.0912, 53.2667
13927232, 8.628429e-02, 2.616778e-01, 2.4602, 570153.2368, 1.810587e-01, -2.5620, 1.787670e-07, 40.7459, 36.8782, 34.8630, 32.8551, nan, 30.2684
16663476, 8.619253e-02, 2.617759e-01, 1.4341, 570178.9647, 3.004332e-01, -1.1788, 4.464733e-07, nan, nan, nan, nan, nan, nan
11546924, 8.712626e-02, 2.600743e-01, 1.3644, 570096.6112, 2.939020e-01, 1.5419, 6.964017e-07, 37.0684, nan, nan, 28.9782, 27.2962, 26.3104
4109192, 8.693522e-02, 2.594427e-01, 0.7852, 570139.2992, 1.528553e-01, 1.9692, 3.960100e-06, 30.6348, 26.7013, 24.3585, 23.4190, 23.4657, 23.3744
3939960, 8.648725e-02, 2.606328e-01, 1.6187, 570137.5739, 3.702954e-01, -2.4087, 7.807981e-07, 36.4164, 35.9023, 34.2321, 29.3408, 26.7566, 25.6200
10160639, 8.574829e-02, 2.619388e-01, 3.8449, 570040.6064, -1.338371e-01, 1.0265, 9.640642e-08, nan, nan, nan, nan, nan, nan
9208165, 8.541765e-02, 2.602272e-01, 0.8847, 570055.8128, -8.001664e-01, 8.0735, 2.695938e-06, nan, nan, 24.3584, 27.0743, 26.3970, nan
15657291, 8.957493e-02, 2.626166e-01, 2.5516, 570220.5856, -2.108159e-01, 0.0514, 1.182045e-07, nan, nan, nan, nan, nan, nan
3849243, 8.608863e-02, 2.615425e-01, 1.2214, 570175.1527, 4.602906e-01, 1.1460, 7.988777e-07, nan, 37.0867, 32.8572, nan, 30.6693, 28.7350
7320065, 8.479830e-02, 2.608840e-01, 1.3149, 570233.4656, 1.887218e-01, 2.1749, 7.653553e-07, nan, 56.6780, 55.0365, nan, nan, 50.9277
11976133, 8.530434e-02, 2.603090e-01, 2.1497, 570107.8171, -2.310940e-01, 3.4469, 2.362292e-07, nan, nan, nan, nan, nan, 26.8616
1747204, 8.528539e-02, 2.600736e-01, 2.4569, 570044.9363, 5.570264e-01, 0.2270, 2.024152e-07, 46.1586, 47.4942, 44.1008, nan, nan, 35.0396
4758680, 8.660876e-02, 2.605730e-01, 2.0998, 570117.6923, -6.140849e-02, 3.7510, 4.782444e-07, 34.1335, 32.0183, 29.6341, 28.0247, 27.4601, 26.4100
3162803, 8.657032e-02, 2.600696e-01, 0.4373, 570092.7603, -2.383062e-01, -1.3441, 1.415316e-05, 24.8164, 26.2292, 25.3088, 24.5628, 24.5300, 24.3506
15740257, 8.477305e-02, 2.609979e-01, 1.3804, 570094.2498, 6.137170e-01, -1.6286, 8.351366e-07, 38.1502, 37.8400, 33.6282, 30.7972, 28.4839, 27.3104
7048132, 8.471577e-02, 2.619626e-01, 0.6778, 570051.6746, 3.907198e-01, -4.1049, 2.925200e-06, 35.2116, nan, 28.6239, 27.9091, 26.7440, 26.3081
14840917, 8.646263e-02, 2.602213e-01, 1.6530, 570114.9113, -5.539753e-02, 0.3360, 3.455187e-07, 35.0712, 34.1742, nan, 29.2804, 27.5820, 26.7344
10936135, 8.603245e-02, 2.613251e-01, 1.7930, 570121.3888, 1.810702e-01, 2.8303, 7.054938e-07, 36.5889, 35.4329, 31.4057, 29.0764, 27.1168, 26.0821
4866640, 8.595454e-02, 2.615160e-01, 0.8410, 570108.1821, -3.311084e-02, -3.8254, 4.273947e-06, nan, 29.0626, nan, 28.7533, 24.9916, 24.5197
11976170, 8.916893e-02, 2.628036e-01, 2.0927, 570198.6095, -1.840533e-01, 1.7961, 4.237321e-07, 42.2678, nan, 34.1719, 32.9632, 35.0004, 33.0273
12406692, 8.911492e-02, 2.628939e-01, 3.1181, 570194.7355, 5.023288e-02, -2.4784, 6.600102e-08, 42.2889, 39.5000, 37.1533, 36.0324, 32.3520, 31.3544
16477464, 8.481251e-02, 2.613321e-01, 2.2230, 570193.9301, 4.251374e-02, 0.8418, 2.042536e-07, 42.2274, nan, 35.9075, 33.1882, 33.0662, 32.2981
5534899, 8.467424e-02, 2.614255e-01, 1.6665, 570198.4406, 1.737878e-02, -1.4945, 7.010967e-07, nan, nan, nan, nan, nan, nan
14706941, 8.589278e-02, 2.613942e-01, 1.7861, 570149.6568, -2.761401e-01, -3.9572, 5.817353e-07, 25.4739, 25.3742, 25.7054, nan, 26.1683, 25.5552
2271253, 8.640677e-02, 2.609002e-01, 1.2701, 570092.9624, -2.329804e-01, -3.7912, 1.689621e-06, nan, 25.4659, 25.0735, nan, 28.9306, 27.7041
901821, 8.490032e-02, 2.621992e-01, 0.8191, 570193.4851, -2.605481e-01, -3.1083, 3.417297e-06, nan, nan, nan, nan, nan, 51.6338
6236156, 8.635023e-02, 2.611432e-01, 1.3623, 570128.6507, -4.586923e-02, -1.3040, 5.438211e-07, 31.4781, 31.2107, 29.7590, 27.1943, 26.0431, 25.3961
10797934, 8.489481e-02, 2.615558e-01, 2.7298, 570195.1752, 2.682724e-01, -2.2835, 1.661252e-07, nan, nan, nan, nan, nan, nan
8696019, 8.641925e-02, 2.640485e-01, 0.5897, 570149.7743, 2.280941e-01, -2.6569, 8.317872e-06, 28.7555, 25.7766, 23.9420, 23.5586, 23.3882, 23.2503
4636419, 8.943491e-02, 2.628750e-01, 1.2405, 570108.0566, 2.542702e-01, 1.3662, 2.303579e-06, 34.7726, 32.9756, 29.7759, 26.3849, 24.9253, 24.5512
11268353, 8.626103e-02, 2.611203e-01, 2.4938, 570081.9556, -1.296077e-01, -1.7392, 1.839934e-07, nan, nan, nan, nan, nan, 30.2438
12357221, 8.640223e-02, 2.598612e-01, 1.7172, 570181.8101, -4.939887e-02, -0.7370, 5.913168e-07, nan, nan, nan, nan, nan, nan
15369355, 8.496583e-02, 2.615926e-01, 1.2643, 570169.9652, -3.941897e-02, 3.3529, 8.610942e-07, 33.2638, nan, 28.5841, 27.4628, 26.5716, 26.1765
8452729, 8.501070e-02, 2.615886e-01, 0.9444, 570133.8978, 5.955907e-01, 3.8585, 2.402613e-06, 33.1964, 32.4068, 26.5007, 24.3651, 23.8706, 23.6517
12257332, 8.941571e-02, 2.628746e-01, 1.3121, 570124.0358, -3.799848e-01, 2.3827, 5.430470e-07, 25.0027, 25.0928, 25.3928, 25.7880, 25.4754, 25.3614
889693, 8.482751e-02, 2.625363e-01, 2.1848, 570043.1653, 3.627888e-01, 0.9627, 2.155266e-07, 44.7461, 43.1469, nan, nan, nan, 32.0111
9260760, 8.635687e-02, 2.640507e-01, 0.7871, 570107.2226, 1.845460e-01, -4.4734, 4.300237e-06, 31.7763, 28.1087, nan, nan, 25.3124, 24.2175
7963142, 8.628672e-02, 2.611962e-01, 2.8331, 570134.5947, 7.696914e-02, -2.1407, 2.361777e-07, 40.4197, 35.3033, 33.5000, 32.1953, 31.4449, 30.7120
7419416, 8.910977e-02, 2.608988e-01, 0.3829, 570233.6911, -8.582583e-02, -0.1119, 2.117931e-05, nan, nan, 51.9519, 49.3199, 49.1612, 49.1657
16402094, 8.530472e-02, 2.617520e-01, 0.2693, 570066.6265, -1.986941e-01, 0.1049, 3.366530e-05, 29.9761, 25.4185, 24.3808, 23.9219, 24.2830, 24.1804
11459460, 8.594130e-02, 2.597717e-01, 1.0684, 570193.3914, -2.178855e-01, -0.4008, 1.751689e-06, nan, nan, nan, nan, nan, nan
3570452, 8.930455e-02, 2.610521e-01, 2.5717, 570236.8279, -2.165984e-01, -0.2196, 1.455871e-07, nan, nan, nan, nan, nan, nan
12709241, 8.523197e-02, 2.615930e-01, 0.9932, 570226.9719, -1.086083e-01, 0.6029, 1.703682e-06, nan, 52.7146, nan, nan, 51.5129, 51.4612
12170800, 8.860296e-02, 2.609952e-01, 1.5010, 570102.2798, 9.954569e-02, 5.5942, 3.749202e-07, 36.8730, 33.0789, 29.9203, 28.4575, 27.3341, 26.2074
3874224, 8.863191e-02, 2.609085e-01, 0.3126, 570082.2405, 4.340950e-02, -4.8666, 4.396849e-05, 24.3524, nan, 24.9273, 24.4283, 24.5121, 23.3883
1308836, 8.519622e-02, 2.619254e-01, 0.4969, 570158.4569, -5.124725e-01, 1.1359, 1.303878e-05, nan, 23.6616, 24.0946, 24.4627, 24.8748, 25.0947
3352379, 8.896402e-02, 2.612307e-01, 0.4876, 570134.0366, 8.287823e-02, 0.3305, 1.104833e-05, 28.2102, 24.1605, 22.6935, 22.6370, 22.4950, 22.6145
6796582, 8.893586e-02, 2.612721e-01, 0.7997, 570065.1471, -1.324330e-01, 0.7291, 4.424331e-06, nan, nan, 27.2678, 26.3819, 25.8971, 25.3827
6436153, 8.821587e-02, 2.611891e-01, 1.2932, 570131.1805, -1.281142e-01, 4.4977, 1.273630e-06, 28.5121, 27.9377, 26.2559, 25.0484, 24.5465, 24.3946
3677901, 8.805353e-02, 2.612732e-01, 1.5058, 570071.8321, 2.964883e-01, -3.1873, 7.677287e-07, 39.3475, 35.5240, 32.4326, 31.0518, 30.1115, 28.9072
2616528, 8.914746e-02, 2.611853e-01, 1.3320, 570170.9305, -6.246614e-02, 3.1591, 5.072704e-07, 33.4463, nan, 31.0892, 27.7552, 27.5550, 26.7665
6072207, 8.918587e-02, 2.609064e-01, 0.6243, 570221.9054, -8.692540e-02, -1.1367, 6.265591e-06, nan, nan, nan, nan, 50.5858, 53.1819
2803519, 8.815697e-02, 2.609491e-01, 0.4773, 570105.0786, -2.075054e-01, -1.1838, 1.142924e-05, nan, 26.1624, 24.8824, 24.1376, 23.8965, 23.7796
13418230, 8.964821e-02, 2.614821e-01, 1.0651, 570112.6943, 7.091828e-02, -0.3544, 1.542116e-06, 37.4608, nan, 28.2533, 26.0579, 25.3179, 24.9746
13045441, 8.978389e-02, 2.612248e-01, 1.6135, 570126.1125, 2.260658e-01, -0.9268, 5.351619e-07, 36.6783, 35.6079, nan, 29.5176, 27.2726, 26.1714
8323271, 8.833658e-02, 2.639532e-01, 0.9738, 570043.6694, 1.332577e-02, 0.9900, 2.497241e-06, 36.2514, nan, 29.0491, 27.6250, 26.8434, 26.4708
4461972, 8.725839e-02, 2.622120e-01, 0.1144, 570234.2146, 1.294810e-01, -2.9017, 3.632414e-04, nan, nan, nan, nan, nan, 45.9101
13593969, 8.989585e-02, 2.612693e-01, 1.2625, 570067.6667, 1.735472e-01, 0.1049, 9.529366e-07, 37.4420, nan, 31.5440, 29.4960, 28.0288, 27.4940
7256793, 8.550002e-02, 2.633800e-01, 3.3749, 570115.4685, 2.726311e-02, 4.6956, 8.746029e-08, 41.6521, 37.8652, 35.0529, 34.2605, 32.4148, 30.7302
10846664, 8.738383e-02, 2.620329e-01, 2.0446, 570091.4752, -4.859501e-01, -2.6855, 1.953237e-07, nan, nan, nan, nan, 27.7827, nan
16665499, 8.739263e-02, 2.616689e-01, 1.4405, 570229.8610, 6.571201e-01, -2.2210, 5.774423e-07, nan, nan, nan, nan, nan, nan
1185081, 8.772073e-02, 2.618351e-01, 0.2127, 570235.4795, 2.296267e-01, 2.1104, 7.677209e-05, 48.7061, 48.5186, 46.9466, 46.5330, 46.7637, 46.4023
2683954, 8.884341e-02, 2.620159e-01, 1.1640, 570124.7920, 1.177739e-01, 0.6019, 1.411032e-06, 33.6450, 31.2809, 27.8061, 25.7759, 24.6571, 24.5581
2745746, 8.759109e-02, 2.616607e-01, 1.6836, 570126.7047, 3.249460e-01, 2.1003, 4.459795e-07, 37.2035, 36.7670, 33.1957, 29.6387, 27.7690, 26.3284
13594393, 8.733732e-02, 2.618793e-01, 1.2629, 570085.8880, 1.074330e-01, 0.2547, 1.259678e-06, 36.2037, 34.4994, 31.5738, 28.4175, 26.9479, 26.5246
3821204, 8.739883e-02, 2.619005e-01, 1.1105, 570222.2549, -2.881002e-01, 0.0545, 1.507280e-06, nan, nan, nan, nan, 54.4758, 52.5750
13343347, 8.535144e-02, 2.635922e-01, 1.7443, 570182.6229, -2.656526e-01, -3.6846, 3.267122e-07, nan, nan, nan, nan, nan, 28.2614
12241453, 8.789963e-02, 2.608848e-01, 1.3442, 570050.7166, 3.812942e-01, 3.5890, 8.629887e-07, 38.9351, nan, nan, 29.5672, 28.7524, 27.6006
14447850, 8.941043e-02, 2.616703e-01, 1.8475, 570084.2406, 1.729693e-01, -0.7592, 8.417441e-07, 40.3719, nan, 32.7284, 30.7277, 29.1229, 28.4141
427637, 8.824501e-02, 2.642007e-01, 1.8726, 570110.6275, 2.815733e-01, -2.9598, 5.366629e-07, 39.8428, nan, 33.8305, 31.0113, nan, 28.9555
7848080, 8.540895e-02, 2.626379e-01, 0.5322, 570190.5900, -1.449417e-01, 0.1909, 9.280741e-06, 53.5686, nan, nan, 50.4225, 50.1118, 49.8467
11536927, 8.895857e-02, 2.618611e-01, 4.3904, 570204.9530, -4.375001e-01, -1.8095, 3.890915e-08, 34.5349, 31.2268, 26.5899, 25.4635, 25.8088, 26.3009
8374504, 8.734662e-02, 2.639777e-01, 2.4614, 570146.8693, 3.631941e-02, -1.5718, 1.434849e-07, 38.2914, 34.0098, 32.6700, 32.1413, nan, 29.4438
8517656, 8.536068e-02, 2.630898e-01, 1.0773, 570213.6794, 2.807309e-01, 2.0435, 1.442365e-06, 61.3477, 55.5749, 52.3482, nan, 50.4706, 50.7454
2492551, 8.952214e-02, 2.615577e-01, 2.5241, 570079.6254, 5.816379e-01, -2.2326, 2.596307e-07, 45.2003, 45.7226, 45.1919, 41.7181, 40.4453, 33.7656
2206720, 8.958326e-02, 2.614724e-01, 1.2770, 570180.8944, 1.377850e-01, 0.4752, 6.424913e-07, nan, 37.0328, 36.2466, nan, nan, 32.0058
5959924, 8.739938e-02, 2.612716e-01, 0.7042, 570234.2500, -4.907441e-01, 0.1007, 5.871217e-06, nan, nan, nan, 51.8239, 50.7312, 50.9092
16259139, 8.917724e-02, 2.612592e-01, 3.3344, 570229.7247, 7.003866e-01, 1.6892, 5.368816e-08, 76.0882, 76.9436, nan, nan, 68.2492, 64.7837
14357301, 8.735680e-02, 2.611424e-01, 2.1870, 570074.0097, 3.564180e-01, -0.4272, 3.917439e-07, 42.0567, 44.2696, 39.4685, 35.1325, 33.6719, 30.7060
14919348, 8.522158e-02, 2.627920e-01, 0.5158, 570150.5956, 4.928140e-03, 0.4850, 1.229420e-05, nan, 24.0312, 22.9703, 23.0034, 23.0281, 23.0878
4174946, 8.760724e-02, 2.610105e-01, 3.0771, 570058.5247, -2.514686e-01, -1.9664, 1.553293e-07, nan, nan, nan, nan, 27.3996, 27.0922
13105928, 8.755169e-02, 2.610071e-01, 2.1586, 570078.2641, -3.706385e-01, -3.0700, 2.190819e-07, nan, nan, 26.4453, 25.0595, 26.0612, 27.8744
2299439, 8.740769e-02, 2.642755e-01, 1.6404, 570214.0368, 1.597706e-01, -2.6428, 3.621261e-07, nan, nan, nan, nan, nan, nan
9562450, 8.725050e-02, 2.643889e-01, 0.7034, 570040.9870, -9.086313e-01, 2.5162, 7.555845e-06, nan, nan, 25.8403, 25.9849, 27.1707, 25.8742
5735984, 8.726404e-02, 2.643908e-01, 2.1501, 570174.6448, -1.912065e-02, 0.1853, 4.122511e-07, 35.2006, 32.4878, 31.8501, nan, 29.1201, 27.9595
1811050, 8.740228e-02, 2.614394e-01, 1.8449, 570224.9982, 3.137984e-01, -2.2958, 4.859052e-07, nan, nan, nan, nan, nan, 53.3112
6269853, 8.736902e-02, 2.643946e-01, 4.4463, 570135.9587, -3.185840e-01, 2.0795, 4.196259e-08, 35.6047, 33.2869, 27.9663, 26.5216, 26.6750, 26.9148
16633752, 8.944876e-02, 2.612589e-01, 2.4506, 570176.7177, -1.321108e-01, 2.1913, 1.677452e-07, 34.8754, 31.0816, 30.4082, nan, nan, 28.2309
11713640, 8.798385e-02, 2.610921e-01, 1.2100, 570069.5400, -2.565212e-01, -2.7792, 1.065153e-06, 30.0389, 26.3779, 26.8362, 29.1810, 27.9798, 28.2263
11501263, 8.777292e-02, 2.611711e-01, 1.0066, 570138.3744, -3.262770e-01, -0.1448, 1.316639e-06, 24.1735, 25.2267, 24.8926, 24.5263, 24.4752, 24.7502
684688, 8.873889e-02, 2.606262e-01, 1.2661, 570209.1317, 1.077118e-01, 2.7493, 9.708128e-07, nan, 54.8354, 53.1090, nan, 52.7071, 50.3722
11618288, 8.875655e-02, 2.601344e-01, 0.4097, 570043.3931, 9.615819e-02, -0.4989, 1.491961e-05, 29.7110, 27.3733, 25.5393, 24.6305, 24.3508, 24.6699
928787, 8.915433e-02, 2.622712e-01, 0.6850, 570181.6011, 2.236711e-01, -0.7104, 2.836678e-06, nan, nan, nan, nan, 51.2897, 51.6960
14488641, 8.878766e-02, 2.604000e-01, 1.9909, 570131.2766, -6.547054e-02, 0.8758, 1.976264e-07, 33.1241, 31.3391, 30.6775, 29.8805, 28.0112, 27.3410
11273750, 8.785715e-02, 2.642511e-01, 0.6325, 570197.9054, 1.540507e-02, 0.9184, 5.893177e-06, 53.0876, 51.5062, nan, 50.0407, 50.1051, 49.8815
12563852, 8.953057e-02, 2.619315e-01, 2.8728, 570116.8067, 2.390360e-01, 1.2896, 1.885383e-07, 43.1790, 40.6555, 38.3600, 35.9409, 33.7730, 32.2046
208363, 8.878175e-02, 2.602707e-01, 0.5383, 570203.0289, 5.864269e-02, 2.7417, 9.317479e-06, 51.2188, nan, 49.2508, 48.8551, 48.9244, 48.8224
16786539, 8.772684e-02, 2.614152e-01, 1.6706, 570071.2760, 4.779392e-03, -4.4120, 3.789989e-07, 35.9970, 34.2951, 31.5355, 31.2300, nan, 30.7947
14675458, 8.501133e-02, 2.632346e-01, 1.3071, 570140.8963, -5.907665e-02, 1.9595, 1.240239e-06, 29.4677, 28.2405, 26.4383, 25.1709, 24.5882, 24.3338
10395273, 8.555750e-02, 2.631467e-01, 0.2916, 570096.9112, 1.803481e-01, -6.4028, 3.890219e-05, 26.1458, 26.5547, nan, nan, nan, 24.8326
9780987, 8.548409e-02, 2.632245e-01, 1.4422, 570043.7254, -5.554307e-01, -4.6462, 7.616527e-07, 24.3661, 23.1608, 23.1012, 26.4236, 28.1866, 28.4740
6691289, 8.866534e-02, 2.605742e-01, 0.5487, 570094.7443, -3.426186e-03, -1.7625, 6.707605e-06, 27.6283, 27.8960, 26.3651, 25.5507, 24.5247, 24.6548
4198093, 8.788465e-02, 2.640850e-01, 1.9043, 570153.5003, -1.855290e-02, 3.6654, 3.447925e-07, 32.6220, 31.0257, nan, 28.7878, 26.5310, 26.2894
8907270, 8.752539e-02, 2.605806e-01, 0.8843, 570132.9268, -5.468997e-01, -0.4396, 3.868513e-06, 19.7957, 22.1951, 23.3951, 23.4301, 23.6299, 23.9263
16397139, 8.759752e-02, 2.606665e-01, 1.6073, 570220.7323, -1.563392e-01, -4.7570, 6.004018e-07, nan, nan, nan, nan, nan, nan
6892196, 8.566006e-02, 2.631329e-01, 0.6746, 570073.8360, -7.757687e-02, 0.3573, 4.974307e-06, nan, 29.6102, 26.9632, 26.0821, 25.4807, 25.0250
4415618, 8.931370e-02, 2.620093e-01, 1.0359, 570227.2348, -9.580223e-02, 0.5854, 1.634526e-06, nan, 52.9683, 53.3980, nan, 51.5201, 51.6629
17166398, 8.539633e-02, 2.632646e-01, 2.4631, 570155.9763, 2.297581e-01, 2.1014, 1.189630e-07, 41.1544, 38.3558, 36.1321, 35.6748, 32.7076, 30.0345
4117263, 8.569129e-02, 2.633020e-01, 0.8075, 570225.7933, 2.427156e-01, -2.9372, 2.085771e-06, nan, nan, nan, nan, nan, 51.6698
17185217, 8.692515e-02, 2.642216e-01, 3.1836, 570168.6948, -4.776546e-01, 0.5449, 1.054172e-07, 30.6247, 22.8123, 22.0932, 23.1150, 24.3914, 27.2595
1678102, 8.799751e-02, 2.602666e-01, 1.8449, 570122.7791, 1.899702e-02, 0.1148, 3.517371e-07, 34.8524, 33.1904, 31.7406, 29.9517, 27.9378, 26.9747
6700621, 8.797338e-02, 2.607891e-01, 2.2202, 570089.3311, -1.169613e-01, -3.6631, 1.896942e-07, nan, nan, nan, nan, nan, nan
2850673, 8.630948e-02, 2.631066e-01, 2.2042, 570084.9544, 2.445265e-01, 4.2985, 1.750254e-07, 42.7657, nan, nan, nan, nan, 30.2936
12920764, 8.621720e-02, 2.631140e-01, 1.1479, 570071.3376, 2.116911e-01, -2.1702, 1.157824e-06, 37.4314, 32.0367, 30.8311, 29.1447, 27.9573, 27.6586
6261221, 8.619728e-02, 2.632417e-01, 0.4609, 570118.3891, -2.472021e-01, 4.5425, 1.471700e-05, 23.2342, 23.7209, 22.5831, 22.8904, 23.0493, 23.7008
17063308, 8.603342e-02, 2.631688e-01, 1.7508, 570129.9803, 3.381109e-01, 3.4474, 4.115879e-07, 37.4470, 36.9971, 34.3036, 30.0905, 27.8253, 26.4831
3524573, 8.927602e-02, 2.621317e-01, 1.8860, 570203.5058, 8.666526e-02, -3.4291, 3.169988e-07, nan, nan, nan, nan, nan, nan
3986577, 8.601534e-02, 2.632379e-01, 1.5003, 570176.1301, -3.457494e-02, -4.2798, 4.565289e-07, nan, nan, nan, nan, 28.5791, nan
7908569, 8.604551e-02, 2.634623e-01, 0.8997, 570119.1538, -1.123992e-01, -3.8942, 1.916104e-06, 30.7418, 26.7056, nan, 25.6942, 25.1590, 24.8587
3295192, 8.599895e-02, 2.634395e-01, 3.1109, 570130.8130, 9.614467e-02, -3.7079, 1.024548e-07, 42.2831, 37.6154, 35.2696, 34.0431, 32.6994, 32.0982
14533406, 8.706357e-02, 2.642113e-01, 2.4672, 570141.5669, -3.194475e-01, -5.2186, 1.875748e-07, 28.5791, 25.4654, 25.7280, nan, nan, nan
10999929, 8.706681e-02, 2.640910e-01, 0.4467, 570104.9738, 8.506069e-02, 3.2703, 1.436503e-05, 27.8190, 25.7666, 23.7570, 23.0907, 22.9203, 23.1050
3863000, 8.881126e-02, 2.599115e-01, 1.2565, 570159.3213, -4.017555e-01, 4.1513, 1.151870e-06, 22.7298, nan, nan, 24.4472, 24.4685, 24.7956
7369339, 8.879609e-02, 2.598169e-01, 0.4357, 570059.7854, -5.130136e-01, 0.2508, 1.932206e-05, nan, 26.0222, 25.2311, 24.8358, 24.8790, 25.2120
7689455, 8.875283e-02, 2.598149e-01, 1.6015, 570131.0536, -3.516464e-02, 3.1782, 4.947371e-07, 31.7990, 30.7820, 29.6860, 27.1300, 26.2101, 25.6376
6884754, 8.689398e-02, 2.624317e-01, 2.4449, 570100.6957, -1.659890e-01, 1.0969, 2.692076e-07, nan, nan, nan, nan, nan, nan
8840792, 8.660016e-02, 2.629079e-01, 1.2490, 570079.9535, -7.272770e-02, 0.7304, 9.714784e-07, 32.8139, nan, 30.7823, 28.5357, 27.2716, 26.9402
14938223, 8.647253e-02, 2.627509e-01, 2.1884, 570087.4383, 6.782127e-02, 0.9106, 3.432337e-07, nan, nan, nan, 32.1551, nan, 29.2922
3847220, 8.655068e-02, 2.627536e-01, 1.1754, 570186.0451, -1.996794e-02, 4.0882, 6.996996e-07, nan, 52.7623, 51.6049, nan, 51.1973, 50.7053
16380880, 8.995161e-02, 2.617494e-01, 1.1146, 570155.9139, 4.270938e-02, 4.2036, 1.238580e-06, 31.4208, nan, 26.2945, 25.0055, 24.6455, 24.5677
9623295, 8.816530e-02, 2.601853e-01, 1.0240, 570102.0385, -3.358391e-01, 2.2730, 1.562731e-06, nan, nan, nan, 25.7358, 25.4709, 25.2403
15835839, 8.854963e-02, 2.600431e-01, 0.3416, 570160.2426, 3.393137e-01, -3.0243, 1.788242e-05, nan, nan, nan, nan, nan, 27.8243
11470004, 8.855324e-02, 2.600788e-01, 1.0414, 570214.3836, 4.228488e-01, -1.7484, 2.902849e-06, nan, nan, nan, nan, nan, nan
1839430, 8.822910e-02, 2.606230e-01, 1.1038, 570156.7557, 1.886870e-01, -0.2522, 1.363273e-06, 33.7730, 31.1973, 27.7408, 25.8861, 25.1180, 25.1347
12166619, 8.814615e-02, 2.604202e-01, 1.3978, 570088.7985, -4.492574e-02, -0.5244, 1.010033e-06, nan, 31.9704, 29.9063, 28.5242, 27.5575, 26.7295
15993841, 8.717383e-02, 2.623262e-01, 2.2535, 570210.4363, 1.052204e-01, 2.9998, 2.155385e-07, nan, nan, 58.5613, 54.9531, 54.2346, 53.2406
13127540, 8.713164e-02, 2.622722e-01, 0.5873, 570051.0476, 5.280383e-02, -0.1243, 9.196556e-06, 33.2572, 28.7584, 26.5509, 25.5856, 24.8386, 24.7638
2686991, 8.709552e-02, 2.623246e-01, 1.2086, 570134.7157, 7.853697e-02, 2.2125, 1.624317e-06, 31.9696, 30.6192, 26.9087, 25.1310, 24.2949, 24.2236
11334544, 8.813052e-02, 2.599477e-01, 1.4698, 570129.2585, -4.068271e-01, -4.6909, 8.107554e-07, 22.8404, 24.2042, nan, 27.7361, 25.6895, 25.0426
2725359, 8.807864e-02, 2.598464e-01, 0.3092, 570169.4114, -3.466898e-01, 4.9153, 3.628303e-05, 45.5490, 47.7407, 46.9342, 47.8312, 47.4031, 48.4775
11682634, 8.810882e-02, 2.599247e-01, 0.5988, 570061.2159, -1.213403e-01, 1.9269, 7.606771e-06, nan, nan, 26.4578, 25.5826, 24.9704, 24.9320
13752878, 8.704909e-02, 2.622696e-01, 2.1981, 570197.4304, -3.393991e-01, 3.6176, 2.775987e-07, nan, nan, 29.4666, 28.1006, 29.1988, 29.7470
6679631, 8.663458e-02, 2.622128e-01, 2.3115, 570199.0547, 4.170621e-01, -3.0161, 1.506800e-07, nan, nan, nan, nan, nan, nan
11967379, 8.660618e-02, 2.622363e-01, 2.0176, 570039.2482, -4.526373e-01, 1.1849, 6.011854e-07, 26.2493, 26.2746, nan, nan, nan, 28.0790
11455812, 8.683360e-02, 2.621936e-01, 3.4950, 570091.1788, 4.099142e-02, 2.2944, 7.023489e-08, nan, nan, nan, nan, nan, nan
631872, 8.807023e-02, 2.595184e-01, 0.1334, 570204.5752, 4.098628e-01, -1.2537, 2.334551e-04, nan, nan, 48.8034, 46.6691, nan, nan
16017454, 8.712786e-02, 2.618275e-01, 2.2612, 570041.5569, -1.105051e-01, 2.3374, 2.376238e-07, 36.5327, 34.0197, nan, nan, nan, 30.2699
510847, 8.831502e-02, 2.595510e-01, 0.5506, 570148.8066, -2.252391e-01, -1.3259, 9.683552e-06, 23.5496, 23.7346, 23.2326, 23.3443, 23.4841, 23.6058
10434136, 8.572979e-02, 2.623232e-01, 1.5715, 570049.5288, 1.830966e-01, 2.0050, 9.264616e-07, 38.3815, nan, nan, 30.4842, 29.1173, 28.3469
12669005, 8.745161e-02, 2.604549e-01, 1.8614, 570045.3959, 5.108800e-02, 1.5871, 3.876318e-07, 39.1834, 37.0490, nan, nan, 30.0024, 29.9186
10701810, 8.595798e-02, 2.621118e-01, 3.0955, 570091.4003, 2.627323e-01, 2.3928, 1.779916e-07, nan, nan, nan, nan, nan, nan
8786539, 8.741620e-02, 2.602295e-01, 1.2243, 570200.5096, -1.644176e-02, 3.5593, 1.742899e-06, nan, 52.1564, 50.9881, nan, 50.9149, 49.5653
11397366, 8.639147e-02, 2.618597e-01, 3.2153, 570084.0711, 2.060079e-03, 5.1770, 1.009822e-07, 42.5791, nan, nan, nan, 33.1924, 31.2779
17273249, 8.639979e-02, 2.621079e-01, 2.9497, 570216.5807, 1.452591e-01, -0.6911, 2.079688e-07, nan, nan, nan, nan, nan, nan
12353638, 8.638727e-02, 2.621297e-01, 3.9768, 570057.5108, 2.962120e-01, -0.3065, 4.157182e-08, nan, nan, nan, nan, nan, nan
691722, 8.637354e-02, 2.621460e-01, 0.2874, 570174.2915, -4.263126e-01, -2.5469, 5.665951e-05, nan, nan, nan, 51.3900, nan, nan
1085049, 8.875134e-02, 2.634438e-01, 0.5849, 570202.6759, 4.857272e-01, -1.1915, 8.655682e-06, nan, nan, nan, nan, 49.9136, 50.1212
15805930, 8.632927e-02, 2.621979e-01, 1.3849, 570141.8752, -1.023537e-01, -3.6249, 7.398677e-07, 29.1517, 29.3607, nan, 26.2645, 25.4979, 24.8591
16158526, 8.609990e-02, 2.620762e-01, 2.5260, 570098.1290, -6.603864e-02, -2.2153, 2.614678e-07, nan, nan, nan, 30.7516, 29.6401, 29.0207
4555379, 8.748688e-02, 2.593429e-01, 1.1555, 570137.5671, -1.389109e-01, 1.4815, 2.624189e-06, 27.0057, 26.6109, 24.9715, 24.1901, 23.6096, 23.7218
3942218, 8.732277e-02, 2.595308e-01, 0.2957, 570205.1462, -5.644642e-02, 5.4159, 3.050204e-05, 48.0842, 48.3326, 47.0858, 47.6671, 46.9334, 47.8606
11512523, 8.732821e-02, 2.594163e-01, 1.2888, 570167.7469, 1.081840e-02, -1.8202, 1.116330e-06, 32.9707, 29.1131, 29.5086, 29.5454, 28.2429, 27.5523
3023301, 8.693690e-02, 2.611151e-01, 0.9201, 570197.2900, -5.423955e-01, -0.6412, 2.879239e-06, nan, nan, nan, nan, nan, 52.8630
9842625, 8.699656e-02, 2.610820e-01, 0.9868, 570064.2172, -1.989870e-01, -5.0152, 1.859933e-06, 31.1225, 26.0409, 27.7655, 28.1554, 28.2717, 29.3186
5212870, 8.742136e-02, 2.637137e-01, 3.1699, 570039.9660, 5.221124e-02, -2.9252, 1.422239e-07, nan, 39.6507, 37.6711, 36.6170, 34.7632, nan
4208144, 8.766553e-02, 2.595799e-01, 1.9914, 570217.5158, 1.648938e-01, 2.0330, 3.496110e-07, nan, nan, 57.1715, 54.8002, 54.1990, 52.8994
10705978, 8.776213e-02, 2.593446e-01, 0.8686, 570191.5356, -2.772764e-01, 2.6735, 2.804211e-06, nan, 48.7445, 50.9238, 49.9927, 50.0675, 50.4351
9702454, 8.700524e-02, 2.614845e-01, 0.9303, 570201.5087, -9.306007e-02, 0.1495, 3.800899e-06, nan, nan, nan, nan, 51.6957, 50.8741
8857941, 8.800628e-02, 2.632343e-01, 1.2496, 570169.2980, 3.963760e-02, -0.9650, 1.210450e-06, 34.2271, 30.5985, nan, 28.9596, 27.7872, 27.5794
942066, 8.792642e-02, 2.632614e-01, 1.0203, 570143.9529, -3.076956e-01, -0.3818, 1.046715e-06, 24.7346, 25.6802, 25.1207, 24.7964, 24.7520, 25.0181
7160803, 8.715328e-02, 2.613797e-01, 1.4754, 570205.9585, -3.692279e-01, 1.6287, 6.860243e-07, nan, nan, 49.2718, 51.0966, nan, 53.2852
6005225, 8.797313e-02, 2.633822e-01, 0.6518, 570228.0798, 1.412752e-01, 2.5782, 2.969510e-06, 54.2693, 51.2810, nan, 49.7242, 50.4695, 49.7811
10921622, 8.676406e-02, 2.615617e-01, 1.7869, 570233.0732, -9.943793e-02, -0.5578, 6.861606e-07, nan, nan, nan, nan, nan, nan
12616440, 8.669206e-02, 2.615276e-01, 0.8803, 570181.0871, 6.211008e-01, -4.0569, 1.856740e-06, nan, nan, 53.2456, nan, nan, nan
10323198, 8.678364e-02, 2.614207e-01, 2.9451, 570038.5274, -6.071530e-02, 0.8722, 1.612102e-07, 41.9534, 35.6597, 34.4470, 34.0016, nan, nan
14154948, 8.665468e-02, 2.614332e-01, 1.1663, 570124.7894, 1.788687e-01, 3.9770, 1.063774e-06, 34.1392, 30.8108, 27.5848, 25.8156, 24.8133, 24.7379
11428845, 8.762475e-02, 2.594404e-01, 0.9817, 570238.0212, 2.687974e-02, 2.0262, 3.022087e-06, nan, 51.9713, 51.8656, nan, 49.8048, 49.7313
843930, 8.693491e-02, 2.614161e-01, 0.3052, 570214.8912, 5.519592e-02, 4.1458, 3.479530e-05, 49.2244, 48.9737, 47.0779, 47.5012, 46.8401, 47.7890
6193526, 8.803129e-02, 2.636600e-01, 3.4854, 570087.4011, -1.097146e-01, 3.7877, 4.358496e-08, nan, nan, nan, nan, nan, nan
16674886, 8.748140e-02, 2.595578e-01, 1.4094, 570217.9499, -2.054797e-01, 4.1542, 1.170843e-06, nan, 50.6420, 49.5761, 49.8333, nan, 50.4916
6621289, 8.720283e-02, 2.611876e-01, 2.1212, 570038.5360, 2.320052e-01, -0.5395, 2.666703e-07, 42.1335, 41.2315, 37.0837, 34.2623, 32.3560, 31.8643
7648503, 8.660099e-02, 2.615974e-01, 0.2809, 570235.4255, -1.849914e-01, 0.3194, 5.325472e-05, 51.2932, nan, 48.5761, 48.3467, 48.0582, 49.0372
2381602, 8.766389e-02, 2.637924e-01, 0.9263, 570138.1925, 1.383355e-01, 0.8589, 2.112659e-06, 31.6876, 28.9063, 25.5179, 24.2441, 24.0328, 24.0840
2787506, 8.766522e-02, 2.637218e-01, 1.5381, 570202.3528, -2.273193e-01, 2.5099, 7.085888e-07, nan, 53.2773, 50.1245, 51.1043, nan, 53.3166
4897362, 8.769298e-02, 2.635250e-01, 0.7773, 570124.2347, 6.100690e-02, 1.0753, 4.891591e-06, 31.2120, 27.4000, 24.6339, 23.5109, 23.5388, 23.3170
10071292, 8.650539e-02, 2.618223e-01, 0.3760, 570202.3906, -4.206476e-01, -0.5872, 2.385654e-05, nan, nan, nan, 49.7776, 49.8497, 50.0374
6292642, 8.876328e-02, 2.624999e-01, 1.7878, 570066.1616, 2.681758e-01, -0.3216, 3.222418e-07, 40.7264, 39.6590, 35.9401, 33.8275, 31.3686, 29.9416
5918577, 8.710861e-02, 2.616236e-01, 0.4490, 570192.8643, -9.954857e-02, -0.1006, 1.803577e-05, nan, nan, nan, 49.6068, 49.5398, 49.2356
6017716, 8.699344e-02, 2.616104e-01, 2.4737, 570083.5799, -5.104596e-01, -1.5772, 2.569687e-07, nan, nan, nan, nan, nan, 28.4731
16681720, 8.645257e-02, 2.621494e-01, 3.3358, 570054.1512, 3.418408e-01, -0.6950, 1.529880e-07, 47.4887, nan, nan, nan, 39.1956, 36.0668
9663394, 8.798559e-02, 2.598099e-01, 2.3879, 570088.7969, -9.159528e-02, 0.5006, 3.083284e-07, nan, nan, nan, 31.1462, 30.2767, 31.4128
5588466, 8.845239e-02, 2.631056e-01, 1.5602, 570052.9929, 2.520051e-01, 0.2786, 7.126276e-07, 39.1376, 40.2438, nan, 31.2634, 29.6478, 28.5758
10420966, 8.790438e-02, 2.599217e-01, 1.6478, 570109.2479, 1.100898e-01, -1.1656, 4.842682e-07, 38.5957, 39.2515, 32.0409, 30.1767, 28.6108, 26.9696
11431301, 8.765665e-02, 2.600014e-01, 1.0153, 570114.1597, -9.944391e-02, 1.5180, 1.874714e-06, nan, nan, 26.5835, 25.1485, 24.7002, 24.6884
9338738, 8.768704e-02, 2.599499e-01, 0.7750, 570062.7707, 9.896697e-02, -1.3942, 3.940007e-06, 32.1472, 28.9975, 28.5455, 26.7899, 26.3074, 25.5435
10135324, 8.766560e-02, 2.598659e-01, 1.1060, 570194.3858, -3.721072e-01, -3.3689, 2.046030e-06, nan, nan, nan, 51.9368, nan, nan
9717817, 8.680733e-02, 2.616182e-01, 0.9826, 570186.6865, 3.738387e-01, -0.0844, 2.401629e-06, nan, nan, nan, nan, 53.1453, 52.1755
7816184, 8.885866e-02, 2.606169e-01, 0.5946, 570211.4874, -8.326514e-02, 3.1121, 6.923905e-06, 49.9244, 49.5831, 50.5440, 49.0130, 49.6237, 49.3076
16344024, 8.849766e-02, 2.627570e-01, 1.1556, 570049.4630, 1.217610e-01, 0.3673, 1.162064e-06, 37.1921, nan, 31.1448, 29.1493, 27.8193, 27.3962
689529, 8.889633e-02, 2.605520e-01, 1.1212, 570171.3136, -1.274659e-01, 4.5098, 1.505216e-06, 36.5080, 27.7449, 26.6251, nan, 26.1854, 26.5624
9840135, 8.904519e-02, 2.601317e-01, 0.9728, 570050.7659, -5.341826e-01, -0.1571, 2.582834e-06, 25.2368, 25.4872, 27.0996, 27.2236, 26.9282, 26.8098
13723205, 8.828193e-02, 2.632394e-01, 1.6368, 570154.2664, 3.106939e-01, -5.7936, 4.890718e-07, 38.0929, 35.4213, 31.9362, nan, 27.5180, nan
3481737, 8.825965e-02, 2.631970e-01, 2.0023, 570197.9178, 4.737720e-01, 4.0728, 3.413277e-07, nan, nan, 46.7130, 44.6318, nan, nan
12588675, 8.807703e-02, 2.634313e-01, 2.7111, 570213.8751, 4.678855e-01, 2.0690, 1.194150e-07, 69.6069, 70.0940, nan, 62.9085, 59.9936, 58.1686
6725863, 8.852993e-02, 2.633017e-01, 2.2733, 570038.5660, 4.083442e-01, 2.9439, 2.776030e-07, nan, nan, nan, nan, nan, 32.0578
13251302, 8.859201e-02, 2.631211e-01, 1.8955, 570188.1868, -2.930686e-01, -1.7609, 3.119973e-07, nan, nan, nan, nan, nan, nan
2371522, 8.855678e-02, 2.631233e-01, 2.1949, 570108.1893, -3.858067e-01, 0.1821, 2.020647e-07, 31.6412, 30.2041, nan, nan, nan, 27.3580
11652994, 8.901722e-02, 2.602881e-01, 1.0933, 570043.1670, -1.606183e-01, -1.8564, 1.545112e-06, 33.0599, 28.2269, 28.1123, 28.3773, 27.8547, 27.4603
16078783, 8.834647e-02, 2.635024e-01, 2.0385, 570105.8133, 1.363837e-01, -0.2318, 3.376900e-07, 40.1740, nan, 37.2997, 34.0555, 30.5335, 28.6571
5863392, 8.821227e-02, 2.634272e-01, 0.6725, 570131.1714, -3.373316e-01, -0.5601, 5.263073e-06, 24.4376, 24.6489, 23.5828, 23.4281, 23.6317, 23.7178
1508687, 8.816047e-02, 2.634566e-01, 1.3049, 570125.3703, 3.487673e-01, 1.8606, 9.083845e-07, 35.2589, 34.2267, 29.9881, 27.0570, 25.4784, 24.9232
4261437, 8.835139e-02, 2.633487e-01, 0.6989, 570040.4858, -4.551129e-01, -3.8371, 5.441112e-06, 23.8172, 24.3410, 27.2888, 27.2450, 26.7819, 26.5707
1232987, 8.568213e-02, 2.638285e-01, 1.0906, 570215.9013, -1.683322e-01, -2.0120, 2.095500e-06, nan, nan, nan, 53.3176, nan, nan
11384541, 8.889081e-02, 2.599834e-01, 3.2238, 570168.7475, 4.564686e-01, 3.6392, 6.766101e-08, nan, nan, 43.5064, 40.8895, nan, nan
14789943, 8.600597e-02, 2.636747e-01, 1.6346, 570052.5266, 1.786396e-01, 2.8399, 6.075832e-07, 39.0268, nan, nan, 32.5239, 29.9277, 28.5692
8508314, 8.638143e-02, 2.632486e-01, 1.0751, 570138.8049, 2.485381e-01, -4.1398, 1.510628e-06, 33.7079, nan, 27.7347, 25.2066, 24.3211, 24.2375
11295557, 8.619608e-02, 2.637472e-01, 1.4125, 570174.7740, 1.528270e-01, -1.8820, 7.053290e-07, nan, nan, nan, nan, 30.8843, nan
8287768, 8.616896e-02, 2.637395e-01, 2.4030, 570217.8560, 1.693185e-01, 2.1267, 1.762489e-07, nan, nan, nan, 56.8301, 55.1849, 56.0537
3607803, 8.720621e-02, 2.624594e-01, 2.4235, 570104.5028, 1.397764e-02, -1.3921, 2.473013e-07, 40.3758, nan, nan, 31.6323, 30.3851, 29.9023
7856528, 8.691464e-02, 2.626569e-01, 2.1759, 570042.2367, -4.430644e-01, 5.5600, 2.196841e-07, 27.5019, 26.7986, nan, nan, nan, 28.1444
425919, 8.719677e-02, 2.630110e-01, 0.3827, 570228.2913, -5.262084e-01, -4.2095, 3.131559e-05, nan, nan, nan, nan, nan, nan
16693968, 8.659353e-02, 2.630876e-01, 3.5659, 570127.5267, 1.362688e-01, 4.4262, 8.927165e-08, 44.2617, 40.7143, 37.0609, 35.7012, 34.6320, 34.7327
7932049, 8.693699e-02, 2.628806e-01, 0.8356, 570045.8492, 2.809233e-01, 4.3626, 3.697358e-06, 36.2089, nan, 28.0242, 26.7082, 25.7127, 25.1999
3278856, 8.895264e-02, 2.599819e-01, 1.0756, 570139.2848, 4.064531e-01, 1.6404, 1.538582e-06, 33.9270, 32.4664, 27.4310, 25.1676, 24.3079, 24.1993
3371418, 8.673753e-02, 2.637250e-01, 2.1426, 570230.5344, 7.585901e-02, 4.3330, 2.408855e-07, nan, nan, 56.2547, 53.7723, 54.3345, 51.8323
13016890, 8.714501e-02, 2.634454e-01, 0.8931, 570207.9678, -1.293370e-01, -2.0469, 2.061181e-06, nan, nan, nan, nan, nan, nan
4576207, 8.685720e-02, 2.631619e-01, 1.2077, 570126.4840, -4.484802e-04, -2.8439, 1.219066e-06, 31.8658, nan, nan, 26.2897, 24.9772, 24.7764
11401708, 8.645060e-02, 2.637366e-01, 3.1877, 570097.4927, 2.340524e-01, 2.9720, 1.141375e-07, nan, nan, nan, nan, nan, nan
4362787, 8.652846e-02, 2.633608e-01, 1.4542, 570237.1676, 3.532989e-01, -1.3283, 4.805205e-07, nan, nan, nan, nan, nan, nan
5671455, 8.679972e-02, 2.631773e-01, 2.3230, 570086.4267, 2.099795e-01, 5.0504, 2.483519e-07, 40.9266, nan, 38.0796, 32.3636, 31.6506, 31.2634
4713005, 8.881981e-02, 2.611613e-01, 1.5604, 570183.7566, -5.785797e-01, -1.8215, 6.731914e-07, nan, nan, nan, nan, nan, nan
13322827, 8.869872e-02, 2.613798e-01, 2.4725, 570110.0449, -1.848872e-01, 0.4698, 2.216917e-07, 35.0215, 31.4406, 31.0777, 31.0942, 31.2405, 29.1578
8528773, 8.864379e-02, 2.614017e-01, 0.1727, 570179.8891, -2.291788e-01, -3.6216, 1.255365e-04, nan, nan, nan, nan, nan, nan
8486267, 8.844483e-02, 2.613998e-01, 1.0612, 570109.5930, -9.917392e-02, 0.6084, 1.070010e-06, nan, 29.7541, 27.9259, 26.3132, 25.6968, 25.4633
11528021, 8.867376e-02, 2.612256e-01, 1.2976, 570053.5995, 4.645819e-02, 4.7430, 7.091587e-07, 37.6794, nan, nan, 28.3899, 28.5875, 27.5672
11273515, 8.834318e-02, 2.623082e-01, 0.6307, 570081.6257, 2.794106e-01, -1.5616, 1.563491e-05, 31.7121, 28.4942, 25.9096, 24.9137, 23.9319, 23.8344
1046867, 8.858665e-02, 2.620997e-01, 1.6714, 570173.4627, 4.302507e-01, -5.2107, 4.882404e-07, nan, 39.0406, 32.9343, nan, nan, nan
16655879, 8.744417e-02, 2.623155e-01, 2.4288, 570185.4084, -3.640932e-01, -5.5190, 2.769846e-07, 29.6558, 26.8807, 27.1288, 24.1997, 25.1131, nan
5469586, 8.750843e-02, 2.621534e-01, 1.2960, 570179.8818, -2.477253e-01, -1.8530, 1.315376e-06, nan, nan, nan, nan, nan, nan
6427779, 8.788794e-02, 2.619266e-01, 1.7433, 570164.4890, -2.440489e-01, 0.0629, 6.316428e-07, 26.8566, 26.6060, 27.1944, 26.8841, 26.2309, 25.9649
13669959, 8.795347e-02, 2.618918e-01, 1.5322, 570148.0843, 1.955439e-01, -7.9728, 8.438758e-07, 35.7209, 32.8320, nan, nan, 26.6150, 26.3442
11446976, 8.801312e-02, 2.622697e-01, 1.0754, 570107.6565, -2.096174e-02, 1.0078, 1.471399e-06, nan, 29.5261, 27.8825, 26.1417, 25.3658, 25.1270
556559, 8.771312e-02, 2.620629e-01, 1.9907, 570132.2515, 9.445037e-02, 1.9981, 2.704498e-07, 36.4764, 34.1838, 32.8502, 31.0111, 28.2709, 27.2788
15044493, 8.818043e-02, 2.619964e-01, 1.8071, 570082.5965, -2.511744e-01, -0.1153, 2.685836e-07, nan, nan, nan, 32.3941, 28.8079, 28.6628
12614008, 8.808152e-02, 2.618538e-01, 0.8711, 570231.2940, 1.578193e-01, -4.5951, 1.803420e-06, nan, nan, nan, nan, nan, nan
13621204, 8.861345e-02, 2.616182e-01, 3.6508, 570140.6297, 1.431061e-01, -0.0621, 1.060405e-07, 43.7541, 40.7110, 36.7483, 35.3699, 34.2817, 33.5235
4101631, 8.861710e-02, 2.616639e-01, 0.8243, 570130.2787, -2.178463e-01, 0.4698, 3.096514e-06, 26.2266, 25.7111, 24.5397, 23.8363, 23.9358, 23.9763
8167494, 8.765489e-02, 2.623410e-01, 0.7080, 570126.2517, 2.293687e-01, -3.1054, 5.120170e-06, nan, nan, 24.8350, 23.6835, 23.4148, 23.2406
16994379, 8.752510e-02, 2.627307e-01, 2.4029, 570047.8574, 1.971093e-01, 2.8072, 2.961853e-07, nan, 40.2096, 38.2844, nan, nan, nan
377871, 8.739740e-02, 2.627850e-01, 0.9479, 570099.0081, 3.300906e-01, 3.8264, 1.852628e-06, 34.5711, nan, 28.0901, 25.8867, 25.0889, 24.7979
4259484, 8.755271e-02, 2.626234e-01, 0.6951, 570192.9263, 1.288102e-01, 0.6437, 5.901858e-06, 55.6624, 52.7654, nan, 50.3353, 49.9869, 49.8793
15418081, 8.763535e-02, 2.623940e-01, 1.6143, 570116.1548, 6.459186e-02, -1.5163, 1.085299e-06, 35.6054, 34.0513, 30.9329, 28.9622, 26.9747, 25.7092
11263628, 8.854583e-02, 2.624282e-01, 2.3892, 570208.5940, 1.524285e-01, 4.0303, 1.584201e-07, nan, nan, nan, 55.9380, 54.4093, 54.9865
9812796, 8.809238e-02, 2.630116e-01, 1.7517, 570234.3752, 7.329002e-01, -0.4609, 9.287439e-07, nan, nan, nan, nan, nan, nan
3629976, 8.729546e-02, 2.636211e-01, 0.9750, 570150.7966, -4.875590e-01, -4.8535, 1.893935e-06, 20.6042, 21.0728, 25.4571, 25.9333, 24.8948, 25.3946
12309188, 8.753011e-02, 2.634938e-01, 3.7874, 570128.8429, -2.491495e-01, 1.9580, 7.244416e-08, 36.6812, 31.6015, 28.3152, 27.9191, 28.0334, 28.2960
15298198, 8.739338e-02, 2.636681e-01, 0.3877, 570078.7370, 2.359485e-01, -0.3325, 3.054106e-05, 29.1268, 26.3165, 24.4891, 23.4472, 23.1296, 23.2872
3173144, 8.736342e-02, 2.631700e-01, 1.7921, 570150.5096, 2.443904e-01, -3.9757, 3.078695e-07, 37.7500, 35.8428, 33.4213, 31.7035, 28.4815, 27.2790
11822270, 8.788973e-02, 2.630543e-01, 0.2309, 570091.6197, -5.100164e-01, -3.3062, 7.598771e-05, 20.8252, 24.2153, 23.9530, 24.3616, 24.1977, 25.5338
2740612, 8.772695e-02, 2.630704e-01, 1.1222, 570094.1331, -3.928252e-01, -0.0864, 1.259615e-06, nan, nan, 27.9822, 27.0835, 26.3959, 26.1767
11441108, 8.773853e-02, 2.630850e-01, 3.5734, 570155.3502, 2.259210e-01, 1.0130, 1.058913e-07, 44.9260, 42.3078, 38.4064, 36.8391, 35.4607, 34.3748
7937563, 8.803123e-02, 2.627710e-01, 0.7627, 570111.1431, -1.881264e-01, 4.5472, 3.519032e-06, 26.6705, 25.7497, 24.8644, 24.0480, 24.2679, 24.2132
9898279, 8.755370e-02, 2.629060e-01, 3.5325, 570049.8790, 1.902700e-01, -3.3952, 1.390828e-07, 44.5150, nan, nan, nan, 42.9870, 32.9554
14610723, 8.759507e-02, 2.628424e-01, 0.9563, 570192.9884, -7.336227e-02, 1.3401, 1.604844e-06, nan, 52.1464, 54.8454, nan, 50.9597, 50.8897
13175779, 8.754793e-02, 2.630978e-01, 0.7980, 570090.6546, -2.502602e-02, 5.3933, 3.946731e-06, nan, nan, 26.5274, 25.1179, 24.4910, 24.0349
13989468, 8.752099e-02, 2.629691e-01, 4.7053, 570091.1823, -3.666582e-01, 2.6837, 4.765511e-08, 37.4901, 37.1447, 30.3283, 28.4118, 28.3106, 28.7514
8506381, 8.791720e-02, 2.625565e-01, 1.0755, 570224.2525, 2.941352e-03, 2.2431, 1.335917e-06, nan, 52.6320, 51.3759, nan, 50.4293, 50.8382
8417951, 8.774473e-02, 2.627929e-01, 4.6716, 570235.2899, -1.924721e-01, -0.1670, 4.171371e-08, 44.8613, 45.4497, nan, nan, nan, nan
4472125, 8.782462e-02, 2.627983e-01, 1.3380, 570097.4008, 3.949062e-01, -7.3400, 7.734494e-07, nan, 34.8473, 30.4774, nan, nan, nan
