#snid, snra, sndec, z, t0, c, x1, x0, mag_u, mag_g, mag_r, mag_i, mag_z, mag_y
3507936, 8.634686e-02, 2.603437e-01, 0.8662, 570065.1132, -9.295503e-02, -1.3341, 3.000379e-06, 30.2492, 27.6844, 28.1906, 26.9142, 26.3946, 25.9504
5830763, 8.562269e-02, 2.613770e-01, 2.8756, 570180.6081, 5.273409e-02, -0.1654, 1.735891e-07, 44.5300, 40.3161, 38.0322, 36.3307, 34.5875, 34.7160
3672602, 8.635593e-02, 2.602747e-01, 1.4364, 570156.9855, -5.860795e-01, -2.1242, 6.885860e-07, 21.2432, 22.0142, 22.9664, nan, 27.5595, 28.3676
7817980, 8.632466e-02, 2.607879e-01, 0.5876, 570078.4318, 1.801572e-02, -1.1153, 6.926067e-06, 28.4576, 28.1330, 26.1947, 25.3870, 24.3866, 24.4752
17415592, 8.559451e-02, 2.613684e-01, 6.4596, 570050.9225, 4.502955e-01, -0.8721, 1.099459e-08, nan, nan, nan, nan, nan, nan
4445519, 8.518349e-02, 2.612944e-01, 1.4626, 570173.8037, 1.288973e-01, -0.8554, 7.945640e-07, nan, nan, nan, nan, nan, nan
3014102, 8.518210e-02, 2.615199e-01, 0.9873, 570115.2551, -7.982119e-01, -0.1440, 1.635279e-06, 15.8211, 19.4209, 23.1580, 23.9827, 24.0625, 24.6755
45616, 8.534903e-02, 2.609907e-01, 0.5016, 570132.2989, 9.148908e-02, 2.7805, 6.602829e-06, nan, 24.2563, 23.2081, 23.2056, 23.2008, 23.4074
2045958, 8.533871e-02, 2.607300e-01, 1.9977, 570089.8790, 5.355234e-02, -3.6435, 2.740560e-07, nan, nan, 32.2069, 29.9963, 30.4616, nan
10342097, 8.896703e-02, 2.607238e-01, 1.1275, 570117.6414, -5.517173e-01, 5.7414, 1.317762e-06, 19.8144, 22.1697, 23.4713, 24.2033, 24.2677, 24.5628
15816490, 8.908595e-02, 2.605999e-01, 1.2994, 570159.3817, 1.517792e-01, 3.7115, 1.129015e-06, nan, 32.3496, 30.0967, 31.1741, 28.5365, 26.5605
2817638, 8.635024e-02, 2.604599e-01, 0.5017, 570086.8176, 6.160631e-02, -2.1084, 1.476040e-05, nan, 27.2461, 25.1849, 24.1590, 23.3911, 23.2013
8262425, 8.890447e-02, 2.636638e-01, 1.0227, 570057.7005, -3.701349e-01, 3.8946, 1.552078e-06, 27.7728, nan, nan, 27.0103, 26.5819, 26.0954
4549053, 8.913584e-02, 2.607595e-01, 1.1331, 570034.1503, 1.906507e-01, -1.0927, 1.342730e-06, 37.4089, 32.9047, 32.8241, 29.0334, 27.8614, 27.3755
7263698, 8.575438e-02, 2.610334e-01, 3.5136, 570097.4849, 4.346194e-01, 3.3698, 1.084526e-07, 48.0806, 47.9630, 44.5062, 42.4234, 39.9398, 36.7788
12137579, 8.574557e-02, 2.609581e-01, 0.6338, 570091.4656, -2.087904e-01, -1.9916, 9.658791e-06, 24.5228, 24.8197, 25.5706, 24.5454, 23.9096, 23.8795
9202044, 8.578756e-02, 2.609514e-01, 2.2909, 570075.0486, 2.474262e-01, 0.9735, 2.259141e-07, 42.0395, nan, 40.6451, 34.3063, 34.1588, 31.0912
331975, 8.611692e-02, 2.606486e-01, 0.8593, 570098.0137, -3.313707e-01, 0.9160, 2.789860e-06, nan, 26.2102, 25.3907, 24.6991, 24.5942, 24.5765
6425989, 8.953957e-02, 2.604068e-01, 0.3384, 570194.4992, 5.301086e-01, -1.1888, 2.848746e-05, nan, nan, nan, 49.6098, 48.6238, 48.1478
7194718, 8.614067e-02, 2.608921e-01, 1.4113, 570146.8280, 7.072162e-02, -4.6059, 8.681438e-07, 33.3774, 29.1294, 27.9019, nan, nan, 27.2445
17081836, 8.944301e-02, 2.632862e-01, 2.1173, 570139.3507, 2.558385e-01, 4.4156, 2.474468e-07, 38.6777, 37.0896, nan, 32.8953, 29.2801, 27.6547
7010511, 8.569354e-02, 2.638673e-01, 0.6865, 570100.8358, -1.543436e-01, -0.7837, 1.056480e-05, nan, 27.3681, 24.1895, 23.4887, 23.1968, 23.3251
8481405, 8.582894e-02, 2.639030e-01, 1.0233, 570183.9928, 3.242840e-01, 4.7105, 1.291082e-06, 60.8803, 54.8810, 51.8426, nan, 49.8254, 49.6981
5726771, 8.549200e-02, 2.612139e-01, 0.8754, 570143.5813, 4.026724e-01, -3.4163, 2.126629e-06, 34.8411, 32.8687, nan, 27.1690, 29.1095, 26.3172
13528742, 8.572480e-02, 2.604360e-01, 1.1066, 570148.8763, -2.844646e-01, -0.7448, 1.484562e-06, 26.1588, 25.1514, 27.3669, 26.3940, 26.0397, 26.2585
2442775, 8.573487e-02, 2.605085e-01, 3.0565, 570131.1740, -1.608110e-01, -1.6251, 1.521728e-07, 37.1272, 30.2787, 28.9444, 28.7473, 29.1234, nan
10094272, 8.718700e-02, 2.595779e-01, 0.3774, 570213.5196, 2.930207e-01, -0.9939, 1.526003e-05, nan, nan, nan, 49.9145, 49.4433, 49.5759
16574467, 8.487367e-02, 2.612660e-01, 1.9944, 570146.8390, -1.499786e-01, -5.2141, 3.303388e-07, 30.0498, 28.7226, 26.5006, 26.2251, nan, 28.0916
15953230, 8.515362e-02, 2.607274e-01, 0.2338, 570138.3565, 6.388533e-01, 0.2007, 5.350494e-05, 27.2220, 23.1692, 22.2093, 21.6859, 21.4817, 21.7342
16310453, 8.570951e-02, 2.605275e-01, 1.8089, 570131.8574, -3.931438e-01, -5.1409, 3.743292e-07, 23.2435, 23.5754, 25.8491, nan, 27.0530, 25.5731
12684012, 8.629696e-02, 2.639783e-01, 2.6112, 570109.0222, -6.387793e-01, -1.5505, 1.280293e-07, 21.7287, 19.0647, 20.3669, 22.6139, nan, 26.8827
6065274, 8.584370e-02, 2.612235e-01, 0.6203, 570158.2482, -2.207928e-01, -0.5361, 6.699608e-06, nan, nan, nan, nan, 50.4945, 51.2711
7300361, 8.615598e-02, 2.638981e-01, 3.3820, 570155.5615, -3.265923e-01, 0.4793, 1.073909e-07, 34.2149, 27.1829, 25.4521, 25.8080, 26.2244, 27.8724
9045229, 8.567788e-02, 2.602966e-01, 2.0960, 570044.1736, -1.759554e-02, -4.1468, 2.902699e-07, 36.9514, 35.0164, 31.3863, 30.6075, 30.4822, 30.5669
4517009, 8.495448e-02, 2.609818e-01, 0.3664, 570156.9991, 5.190028e-01, 0.6055, 2.452073e-05, 57.0234, nan, 48.9074, 48.2578, 47.6028, 47.5553
12429071, 8.511385e-02, 2.622849e-01, 1.6506, 570082.8682, -1.541734e-01, 1.4276, 4.395351e-07, nan, nan, 28.5996, 29.7450, 27.5925, 27.0043
9780061, 8.665447e-02, 2.599213e-01, 1.4135, 570210.3020, -3.414941e-01, -1.0391, 8.707463e-07, nan, nan, nan, nan, nan, nan
13930732, 8.656579e-02, 2.599824e-01, 0.9892, 570166.9558, -3.581027e-02, -4.0445, 2.273082e-06, nan, nan, nan, nan, nan, nan
2279785, 8.493931e-02, 2.610566e-01, 1.1003, 570206.1172, -7.362969e-02, 1.8983, 1.276589e-06, nan, 52.1101, 51.3849, nan, 50.6629, 51.1505
13067087, 8.502174e-02, 2.608630e-01, 1.5686, 570160.1359, 4.462592e-02, -0.2851, 6.454789e-07, 36.5774, 34.3103, 32.4021, 32.3556, 29.1812, 29.0045
16596818, 8.505759e-02, 2.609900e-01, 2.5508, 570056.5161, -1.965291e-01, -0.5312, 1.498015e-07, nan, nan, nan, 30.4220, 29.3825, 29.7280
10155700, 8.907952e-02, 2.624292e-01, 1.1468, 570083.8227, 2.934688e-01, 2.9835, 1.312529e-06, 35.5055, nan, 30.9341, 27.1299, 25.6204, 25.2769
9642915, 8.938185e-02, 2.605126e-01, 0.6551, 570035.9533, -2.870144e-01, -3.7654, 8.313098e-06, 25.6275, 25.4628, 26.9169, 26.7654, 26.0326, 26.0207
15131771, 8.515662e-02, 2.621975e-01, 2.4539, 570078.4618, 3.226191e-01, 2.4732, 2.582717e-07, 43.3673, nan, nan, 36.0001, 33.3303, nan
13926415, 8.513366e-02, 2.609316e-01, 2.4608, 570094.3072, -2.723738e-01, 2.2499, 2.622674e-07, 32.6943, 29.4868, 29.5192, nan, nan, 29.2680
14315752, 8.679163e-02, 2.597874e-01, 2.1497, 570160.2152, -1.249066e-01, 3.2500, 2.870255e-07, 33.0278, 30.6804, nan, nan, 28.2834, 26.7035
15666728, 8.685705e-02, 2.599382e-01, 2.6894, 570190.9976, 2.060199e-01, -2.4083, 1.870656e-07, nan, nan, nan, nan, nan, nan
1555401, 8.671987e-02, 2.600179e-01, 1.0776, 570133.3370, 5.916375e-01, -3.7238, 1.525868e-06, 34.6275, 34.8710, 28.5619, 26.0939, 24.6661, 24.5856
1893271, 8.618244e-02, 2.600732e-01, 1.6996, 570211.5496, 6.857524e-02, 1.5418, 3.966961e-07, nan, nan, 54.9070, 54.4050, 52.8323, nan
12746350, 8.924631e-02, 2.625977e-01, 2.3682, 570027.6058, 2.051220e-01, -5.2089, 2.166060e-07, 40.8603, 40.4880, 37.3216, 32.1676, 31.0595, 31.3022
7253194, 8.932303e-02, 2.626019e-01, 0.9883, 570176.1446, 2.854436e-01, -5.4925, 1.728164e-06, nan, nan, nan, nan, nan, nan
17372197, 8.709509e-02, 2.597608e-01, 2.6951, 570042.9037, 3.662233e-01, 2.8160, 2.352310e-07, nan, nan, nan, nan, nan, nan
2036979, 8.600642e-02, 2.641022e-01, 1.8419, 570078.7730, 1.434379e-01, 2.4764, 5.752324e-07, 39.2214, nan, 32.2589, 33.6856, 28.4229, 27.5981
14299627, 8.588032e-02, 2.640253e-01, 0.5053, 570170.1674, 2.658891e-01, -5.1042, 8.459972e-06, nan, 53.7525, nan, nan, nan, nan
9565925, 8.546066e-02, 2.620510e-01, 0.7192, 570111.5816, -3.534575e-01, 5.1285, 4.287588e-06, 23.1420, 23.3335, 23.6063, 23.4395, 23.7994, 23.8403
2673376, 8.890548e-02, 2.630002e-01, 1.1322, 570118.7914, 1.663724e-01, 5.8424, 1.369737e-06, 33.1987, 32.3936, 26.7556, 25.1926, 24.4378, 24.3850
7419099, 8.600030e-02, 2.640825e-01, 1.2852, 570154.8226, 2.570270e-01, -1.3942, 8.035588e-07, 37.6915, 33.6703, nan, 29.8488, 29.2087, 28.6433
10236177, 8.717805e-02, 2.638910e-01, 0.3333, 570194.0449, 3.267919e-01, -1.4364, 3.348049e-05, nan, nan, nan, 50.1211, 49.3157, 48.4566
3331209, 8.705100e-02, 2.639797e-01, 1.5452, 570190.9621, -4.050978e-02, -0.3172, 6.432936e-07, nan, nan, nan, nan, nan, nan
4188292, 8.651178e-02, 2.608644e-01, 1.7869, 570104.5379, -4.537999e-01, 0.6423, 4.405831e-07, 23.5866, 24.1269, 24.9961, 25.9400, 25.8825, 25.8772
8277490, 8.652553e-02, 2.608568e-01, 2.4477, 570222.1344, 1.414436e-01, 0.6823, 2.155726e-07, nan, nan, nan, 57.9366, 56.1583, nan
13818104, 8.891088e-02, 2.627046e-01, 2.0783, 570183.9041, -4.461245e-01, -0.2209, 5.085016e-07, 38.5636, nan, nan, nan, nan, nan
15352105, 8.671758e-02, 2.611568e-01, 3.9480, 570079.1464, -2.760000e-01, -3.7681, 6.690866e-08, 39.7496, 35.4754, 31.7635, 31.1084, 31.4397, 30.1775
5179639, 8.689282e-02, 2.603857e-01, 0.1945, 570186.2360, -5.922522e-03, 3.5542, 7.571355e-05, 47.1053, 47.9939, 46.6817, 46.5344, 47.3128, 46.3099
156051, 8.578443e-02, 2.621624e-01, 0.1552, 570199.5883, 1.124126e-01, -1.2414, 9.135630e-05, nan, nan, 50.4715, 48.6056, nan, nan
5806714, 8.714677e-02, 2.602884e-01, 2.0252, 570109.1510, 2.746034e-01, 3.2098, 1.807784e-07, 39.3316, 38.5095, 35.0887, 32.1364, 29.7501, 28.4994
4670374, 8.906795e-02, 2.626305e-01, 1.6600, 570150.8860, 1.734387e-01, 2.0145, 5.745585e-07, 36.1557, 35.3925, nan, 28.4780, 27.2195, 26.2120
7220831, 8.567151e-02, 2.621294e-01, 3.2777, 570193.3489, -4.762186e-01, 5.9902, 1.036851e-07, 35.9874, 32.0967, nan, nan, 25.0897, 24.4586
14569271, 8.667003e-02, 2.639117e-01, 1.4608, 570153.5986, 1.033074e-01, 2.1526, 7.419982e-07, 35.0644, nan, nan, 27.4894, 26.9163, 26.0473
8762492, 8.651418e-02, 2.640903e-01, 1.2277, 570025.2940, 3.514531e-01, 0.5972, 7.279163e-07, 38.5060, nan, 34.3209, 30.3159, 28.6162, 28.0992
8491686, 8.650965e-02, 2.641246e-01, 0.9841, 570027.3956, 1.599690e-01, 0.1384, 2.219487e-06, 36.5308, nan, 29.8860, 27.9504, 27.1176, 26.6276
10234971, 8.708888e-02, 2.605597e-01, 1.1870, 570103.8280, 1.214309e-01, 1.0082, 1.121949e-06, 34.7295, nan, 28.6754, 26.2742, 25.1192, 24.9479
7048132, 8.471577e-02, 2.619626e-01, 0.6778, 570051.6746, 3.907198e-01, -4.1049, 2.660365e-06, 34.3539, nan, 28.4747, 27.6117, 26.5888, 26.4442
13498792, 8.572311e-02, 2.616105e-01, 1.7529, 570162.2298, 5.437685e-01, -2.6718, 5.156676e-07, nan, 40.9588, 36.2340, nan, nan, 29.4875
11546924, 8.712626e-02, 2.600743e-01, 1.3644, 570096.6112, 2.939020e-01, 1.5419, 6.552189e-07, 36.2588, nan, nan, 28.0919, 26.6327, 25.6262
13927232, 8.628429e-02, 2.616778e-01, 2.4602, 570153.2368, 1.810587e-01, -2.5620, 1.727917e-07, 40.2285, 37.3721, 35.3294, 31.5852, 30.5107, 31.9324
16663476, 8.619253e-02, 2.617759e-01, 1.4341, 570178.9647, 3.004332e-01, -1.1788, 4.211114e-07, nan, nan, nan, nan, nan, nan
901821, 8.490032e-02, 2.621992e-01, 0.8191, 570193.4851, -2.605481e-01, -3.1083, 3.134910e-06, nan, nan, nan, nan, nan, 51.7275
4109192, 8.693522e-02, 2.594427e-01, 0.7852, 570139.2992, 1.528553e-01, 1.9692, 3.625638e-06, nan, 27.3310, 24.7578, 23.9704, 23.9691, 23.9241
3939960, 8.648725e-02, 2.606328e-01, 1.6187, 570137.5739, 3.702954e-01, -2.4087, 7.408136e-07, 36.7098, 35.7834, 33.0679, 29.3550, 26.7535, 26.4073
10797934, 8.489481e-02, 2.615558e-01, 2.7298, 570195.1752, 2.682724e-01, -2.2835, 1.612200e-07, nan, nan, nan, nan, nan, nan
15369355, 8.496583e-02, 2.615926e-01, 1.2643, 570169.9652, -3.941897e-02, 3.3529, 8.070860e-07, nan, 52.9196, 51.9610, nan, 52.3194, 50.3533
8452729, 8.501070e-02, 2.615886e-01, 0.9444, 570133.8978, 5.955907e-01, 3.8585, 2.219292e-06, 33.1813, 31.9911, 26.2902, 24.2817, 23.8967, 23.7551
10160639, 8.574829e-02, 2.619388e-01, 3.8449, 570040.6064, -1.338371e-01, 1.0265, 9.463624e-08, nan, nan, nan, nan, nan, nan
15657291, 8.957493e-02, 2.626166e-01, 2.5516, 570220.5856, -2.108159e-01, 0.0514, 1.144183e-07, nan, nan, nan, nan, nan, nan
4758680, 8.660876e-02, 2.605730e-01, 2.0998, 570117.6923, -6.140849e-02, 3.7510, 4.592120e-07, 32.6823, 30.4793, 30.0942, 29.6224, 27.1955, 26.1368
3162803, 8.657032e-02, 2.600696e-01, 0.4373, 570092.7603, -2.383062e-01, -1.3441, 1.265486e-05, 25.2374, 25.7105, 24.6448, 23.8977, 23.8665, 23.7905
3849243, 8.608863e-02, 2.615425e-01, 1.2214, 570175.1527, 4.602906e-01, 1.1460, 7.474727e-07, nan, 60.0512, 55.7754, nan, 53.8157, 51.6497
16402094, 8.530472e-02, 2.617520e-01, 0.2693, 570066.6265, -1.986941e-01, 0.1049, 2.969862e-05, 29.1798, 25.3597, 24.4383, 23.9084, 24.1635, 24.1125
14840917, 8.646263e-02, 2.602213e-01, 1.6530, 570114.9113, -5.539753e-02, 0.3360, 3.281543e-07, 31.9693, 30.9305, 30.1000, 28.1243, 27.0406, 26.2709
10936135, 8.603245e-02, 2.613251e-01, 1.7930, 570121.3888, 1.810702e-01, 2.8303, 6.726142e-07, 35.8931, 34.1525, 32.0587, 28.8360, 26.7111, 25.7898
4866640, 8.595454e-02, 2.615160e-01, 0.8410, 570108.1821, -3.311084e-02, -3.8254, 3.925692e-06, 31.2188, 28.3816, 26.6820, 24.4299, 23.9889, 23.8444
14706941, 8.589278e-02, 2.613942e-01, 1.7861, 570149.6568, -2.761401e-01, -3.9572, 5.545233e-07, 26.2574, 26.0604, 23.9369, 25.4654, nan, 27.4497
2271253, 8.640677e-02, 2.609002e-01, 1.2701, 570092.9624, -2.329804e-01, -3.7912, 1.584012e-06, nan, nan, nan, nan, 26.8681, 26.5772
6236156, 8.635023e-02, 2.611432e-01, 1.3623, 570128.6507, -4.586923e-02, -1.3040, 5.116221e-07, 30.7753, 30.0235, 29.0243, 26.4835, 25.8081, 25.2805
11976170, 8.916893e-02, 2.628036e-01, 2.0927, 570198.6095, -1.840533e-01, 1.7961, 4.068094e-07, nan, nan, 53.0006, 51.3326, 53.2292, 51.2686
12406692, 8.911492e-02, 2.628939e-01, 3.1181, 570194.7355, 5.023288e-02, -2.4784, 6.435863e-08, nan, nan, nan, nan, nan, nan
2064663, 8.555877e-02, 2.598809e-01, 0.7575, 570032.8385, -3.859011e-01, -4.4384, 6.971761e-06, 24.5775, 24.2585, nan, 27.0436, 26.8385, 26.2780
11268353, 8.626103e-02, 2.611203e-01, 2.4938, 570081.9556, -1.296077e-01, -1.7392, 1.779395e-07, nan, nan, nan, 31.0217, 30.3566, 29.3878
1308836, 8.519622e-02, 2.619254e-01, 0.4969, 570158.4569, -5.124725e-01, 1.1359, 1.171077e-05, 45.2911, 49.6945, 49.9716, 49.5672, 49.8377, 49.8487
889693, 8.482751e-02, 2.625363e-01, 2.1848, 570043.1653, 3.627888e-01, 0.9627, 2.073035e-07, 43.7321, 43.1055, nan, 38.2863, 36.0460, 32.2672
9208165, 8.541765e-02, 2.602272e-01, 0.8847, 570055.8128, -8.001664e-01, 8.0735, 2.482310e-06, nan, nan, 24.4894, 27.8408, 25.9274, 26.7601
8397051, 8.645435e-02, 2.596116e-01, 0.4750, 570031.5645, -3.774393e-01, 5.7459, 7.448201e-06, nan, nan, 25.7980, 25.2269, 25.0376, 25.2300
7963142, 8.628672e-02, 2.611962e-01, 2.8331, 570134.5947, 7.696914e-02, -2.1407, 2.295197e-07, 41.0098, 35.0903, 33.3784, 32.1779, 32.3022, nan
11976133, 8.530434e-02, 2.603090e-01, 2.1497, 570107.8171, -2.310940e-01, 3.4469, 2.270589e-07, 30.1079, 28.3823, 27.6941, 26.7926, 26.9732, 26.4951
1747204, 8.528539e-02, 2.600736e-01, 2.4569, 570044.9363, 5.570264e-01, 0.2270, 1.956389e-07, 46.8183, 50.6850, 44.8059, 42.7898, 38.5121, 36.4771
2168389, 8.475336e-02, 2.611398e-01, 0.1266, 570030.5240, 1.089980e-01, -0.8322, 2.384633e-04, 25.8669, 23.0344, 21.8413, 21.8470, 21.7646, 21.7777
15740257, 8.477305e-02, 2.609979e-01, 1.3804, 570094.2498, 6.137170e-01, -1.6286, 7.862046e-07, 37.2469, 37.2306, 34.0905, 30.4875, 27.3411, 26.3734
4636419, 8.943491e-02, 2.628750e-01, 1.2405, 570108.0566, 2.542702e-01, 1.3662, 2.157033e-06, 34.0937, 32.4853, 28.3687, 25.6742, 24.4227, 24.0816
12257332, 8.941571e-02, 2.628746e-01, 1.3121, 570124.0358, -3.799848e-01, 2.3827, 5.099347e-07, 23.5101, 24.4347, 25.0645, 25.2580, 25.3183, 25.2454
12170800, 8.860296e-02, 2.609952e-01, 1.5010, 570102.2798, 9.954569e-02, 5.5942, 3.544175e-07, 36.0460, nan, nan, 27.7535, 26.6576, 26.0270
3874224, 8.863191e-02, 2.609085e-01, 0.3126, 570082.2405, 4.340950e-02, -4.8666, 3.892702e-05, 25.2013, 26.0879, nan, 27.4832, 24.9104, 23.7637
6436153, 8.821587e-02, 2.611891e-01, 1.2932, 570131.1805, -1.281142e-01, 4.4977, 1.195103e-06, 27.9562, 27.2221, 25.5327, 24.7651, 24.3307, 24.3723
3677901, 8.805353e-02, 2.612732e-01, 1.5058, 570071.8321, 2.964883e-01, -3.1873, 7.258589e-07, 39.1449, 35.3816, 31.1948, 30.1162, nan, 28.8684
12357221, 8.640223e-02, 2.598612e-01, 1.7172, 570181.8101, -4.939887e-02, -0.7370, 5.626180e-07, nan, nan, nan, nan, nan, nan
16477464, 8.481251e-02, 2.613321e-01, 2.2230, 570193.9301, 4.251374e-02, 0.8418, 1.966051e-07, nan, nan, nan, 55.7818, 55.5935, 54.6486
5534899, 8.467424e-02, 2.614255e-01, 1.6665, 570198.4406, 1.737878e-02, -1.4945, 6.661214e-07, nan, nan, nan, nan, nan, nan
11459460, 8.594130e-02, 2.597717e-01, 1.0684, 570193.3914, -2.178855e-01, -0.4008, 1.627985e-06, nan, nan, nan, nan, nan, nan
3352379, 8.896402e-02, 2.612307e-01, 0.4876, 570134.0366, 8.287823e-02, 0.3305, 9.916260e-06, 28.8431, 24.2585, 23.0839, 23.1265, 23.0768, 23.0775
6796582, 8.893586e-02, 2.612721e-01, 0.7997, 570065.1471, -1.324330e-01, 0.7291, 4.054143e-06, nan, nan, 27.3126, 26.1919, 25.5548, 25.0111
2803519, 8.815697e-02, 2.609491e-01, 0.4773, 570105.0786, -2.075054e-01, -1.1838, 1.025024e-05, nan, 25.1919, 23.7407, 23.4168, 23.6409, 23.7423
7256793, 8.550002e-02, 2.633800e-01, 3.3749, 570115.4685, 2.726311e-02, 4.6956, 8.550920e-08, 42.0945, 37.0075, 34.2179, 33.2713, 32.8907, 33.5687
2616528, 8.914746e-02, 2.611853e-01, 1.3320, 570170.9305, -6.246614e-02, 3.1591, 4.766989e-07, nan, 53.5329, 52.5988, 52.5492, nan, 51.0597
1990422, 8.589285e-02, 2.598991e-01, 0.8185, 570023.3415, -1.649655e-01, 0.5599, 3.513571e-06, nan, nan, 27.8227, 27.0189, 26.3548, 26.0006
2299821, 8.590968e-02, 2.599257e-01, 1.6593, 570025.7954, -6.930428e-02, 5.0092, 5.817849e-07, 35.8568, nan, nan, nan, 28.5214, 28.3575
6072207, 8.918587e-02, 2.609064e-01, 0.6243, 570221.9054, -8.692540e-02, -1.1367, 5.678223e-06, nan, nan, nan, nan, 50.6927, 53.2887
1101510, 8.679663e-02, 2.640895e-01, 1.0895, 570026.8002, 3.557698e-01, -0.5362, 1.235497e-06, 37.6283, 35.2098, 32.4718, 29.2344, 28.0047, 27.3615
8696019, 8.641925e-02, 2.640485e-01, 0.5897, 570149.7743, 2.280941e-01, -2.6569, 7.520364e-06, nan, nan, nan, nan, 28.4740, nan
10846664, 8.738383e-02, 2.620329e-01, 2.0446, 570091.4752, -4.859501e-01, -2.6855, 1.873322e-07, nan, nan, 25.3905, 25.0358, 26.7141, nan
9260760, 8.635687e-02, 2.640507e-01, 0.7871, 570107.2226, 1.845460e-01, -4.4734, 3.937495e-06, 32.0541, 29.9198, 26.3938, 24.7441, 24.0155, 23.7780
13418230, 8.964821e-02, 2.614821e-01, 1.0651, 570112.6943, 7.091828e-02, -0.3544, 1.432985e-06, 32.5549, 31.6767, 27.2520, 25.2968, 24.6037, 24.5219
13045441, 8.978389e-02, 2.612248e-01, 1.6135, 570126.1125, 2.260658e-01, -0.9268, 5.076780e-07, 36.0542, 34.5998, 33.4780, 28.6203, 26.6730, 25.8695
13593969, 8.989585e-02, 2.612693e-01, 1.2625, 570067.6667, 1.735472e-01, 0.1049, 8.931040e-07, 36.9552, 35.4845, 31.9935, 29.1476, 27.5235, 27.0632
2745746, 8.759109e-02, 2.616607e-01, 1.6836, 570126.7047, 3.249460e-01, 2.1003, 4.239370e-07, 36.8295, 36.2411, 32.7548, 29.1223, 27.3237, 26.1429
13594393, 8.733732e-02, 2.618793e-01, 1.2629, 570085.8880, 1.074330e-01, 0.2547, 1.180606e-06, 38.5329, nan, 32.0737, 27.6298, 26.2682, 25.8651
3821204, 8.739883e-02, 2.619005e-01, 1.1105, 570222.2549, -2.881002e-01, 0.0545, 1.403554e-06, nan, nan, nan, nan, 54.5532, 52.6524
13343347, 8.535144e-02, 2.635922e-01, 1.7443, 570182.6229, -2.656526e-01, -3.6846, 3.110848e-07, nan, nan, nan, nan, nan, 51.3238
2683954, 8.884341e-02, 2.620159e-01, 1.1640, 570124.7920, 1.177739e-01, 0.6019, 1.317045e-06, 32.5269, 30.4958, 26.9798, 25.3114, 24.4341, 24.4165
12241453, 8.789963e-02, 2.608848e-01, 1.3442, 570050.7166, 3.812942e-01, 3.5890, 8.113480e-07, 38.1588, nan, nan, 30.0275, 28.3398, 27.2548
8323271, 8.833658e-02, 2.639532e-01, 0.9738, 570043.6694, 1.332577e-02, 0.9900, 2.310192e-06, 34.7911, nan, 28.8069, 27.4603, 26.7522, 26.3745
7848080, 8.540895e-02, 2.626379e-01, 0.5322, 570190.5900, -1.449417e-01, 0.1909, 8.356943e-06, 53.6824, nan, nan, 50.5364, 50.2256, 49.9605
8517656, 8.536068e-02, 2.630898e-01, 1.0773, 570213.6794, 2.807309e-01, 2.0435, 1.341060e-06, 61.4268, 55.6540, 52.4273, nan, 50.5497, 50.8245
14357301, 8.735680e-02, 2.611424e-01, 2.1870, 570074.0097, 3.564180e-01, -0.4272, 3.768137e-07, 42.1518, 45.2689, nan, nan, 35.3117, 30.7144
14447850, 8.941043e-02, 2.616703e-01, 1.8475, 570084.2406, 1.729693e-01, -0.7592, 8.036275e-07, 39.1951, nan, nan, nan, 29.3429, 27.6897
4174946, 8.760724e-02, 2.610105e-01, 3.0771, 570058.5247, -2.514686e-01, -1.9664, 1.513950e-07, nan, nan, nan, nan, nan, nan
13105928, 8.755169e-02, 2.610071e-01, 2.1586, 570078.2641, -3.706385e-01, -3.0700, 2.106144e-07, nan, nan, nan, nan, nan, nan
11536927, 8.895857e-02, 2.618611e-01, 4.3904, 570204.9530, -4.375001e-01, -1.8095, 3.833663e-08, 40.2949, nan, nan, nan, 31.1087, 31.8148
14919348, 8.522158e-02, 2.627920e-01, 0.5158, 570150.5956, 4.928140e-03, 0.4850, 1.105731e-05, 30.6519, nan, 30.0061, 28.2590, 28.0347, 27.7139
2492551, 8.952214e-02, 2.615577e-01, 2.5241, 570079.6254, 5.816379e-01, -2.2326, 2.512077e-07, 45.6583, 45.8802, nan, nan, nan, 33.8913
2206720, 8.958326e-02, 2.614724e-01, 1.2770, 570180.8944, 1.377850e-01, 0.4752, 6.024967e-07, nan, 58.3656, 57.3602, nan, nan, 52.6527
11713640, 8.798385e-02, 2.610921e-01, 1.2100, 570069.5400, -2.565212e-01, -2.7792, 9.961429e-07, 29.2229, 29.4387, nan, 29.1429, 28.0499, 27.7331
11501263, 8.777292e-02, 2.611711e-01, 1.0066, 570138.3744, -3.262770e-01, -0.1448, 1.220020e-06, 24.2402, 25.1366, 25.1927, 25.0165, 25.0635, 25.3323
427637, 8.824501e-02, 2.642007e-01, 1.8726, 570110.6275, 2.815733e-01, -2.9598, 5.126777e-07, 38.5963, 37.2407, nan, nan, 30.1350, 27.3085
16786539, 8.772684e-02, 2.614152e-01, 1.6706, 570071.2760, 4.779392e-03, -4.4120, 3.601345e-07, nan, 35.3503, 28.7845, 28.2834, nan, nan
16633752, 8.944876e-02, 2.612589e-01, 2.4506, 570176.7177, -1.321108e-01, 2.1913, 1.621129e-07, 40.1863, nan, nan, 30.6301, 29.7025, 30.2275
8374504, 8.734662e-02, 2.639777e-01, 2.4614, 570146.8693, 3.631941e-02, -1.5718, 1.386917e-07, 37.9047, 33.8917, 32.5392, 30.6258, 30.3095, 29.6534
684688, 8.873889e-02, 2.606262e-01, 1.2661, 570209.1317, 1.077118e-01, 2.7493, 9.099897e-07, nan, 54.9057, 53.1792, nan, 52.7773, 50.4425
14675458, 8.501133e-02, 2.632346e-01, 1.3071, 570140.8963, -5.907665e-02, 1.9595, 1.164397e-06, 29.5759, nan, 27.4559, 25.3892, 24.7882, 24.7248
10395273, 8.555750e-02, 2.631467e-01, 0.2916, 570096.9112, 1.803481e-01, -6.4028, 3.438221e-05, 25.2109, nan, nan, 22.5828, 22.0053, 21.6806
9780987, 8.548409e-02, 2.632245e-01, 1.4422, 570043.7254, -5.554307e-01, -4.6462, 7.185870e-07, 23.6714, 22.8829, 22.9573, 26.8341, 29.6583, 28.1960
6892196, 8.566006e-02, 2.631329e-01, 0.6746, 570073.8360, -7.757687e-02, 0.3573, 4.523026e-06, nan, 29.0894, 26.6551, 25.7106, 25.0563, 24.6308
928787, 8.915433e-02, 2.622712e-01, 0.6850, 570181.6011, 2.236711e-01, -0.7104, 2.581061e-06, nan, nan, nan, nan, 51.3922, 51.7986
11618288, 8.875655e-02, 2.601344e-01, 0.4097, 570043.3931, 9.615819e-02, -0.4989, 1.331180e-05, 29.8348, 27.4971, 25.6631, 24.7543, 24.4746, 24.7937
12563852, 8.953057e-02, 2.619315e-01, 2.8728, 570116.8067, 2.390360e-01, 1.2896, 1.833161e-07, 43.4092, 39.7109, 37.2542, 35.5208, 34.2997, 32.7213
2299439, 8.740769e-02, 2.642755e-01, 1.6404, 570214.0368, 1.597706e-01, -2.6428, 3.438015e-07, nan, nan, nan, nan, nan, nan
9562450, 8.725050e-02, 2.643889e-01, 0.7034, 570040.9870, -9.086313e-01, 2.5162, 6.883066e-06, nan, nan, 25.9130, 26.2343, nan, 26.0893
5735984, 8.726404e-02, 2.643908e-01, 2.1501, 570174.6448, -1.912065e-02, 0.1853, 3.962506e-07, 41.9588, nan, 34.9924, 32.8290, nan, nan
14488641, 8.878766e-02, 2.604000e-01, 1.9909, 570131.2766, -6.547054e-02, 0.8758, 1.893173e-07, 32.6853, 31.0025, 30.0476, 29.1629, 27.5556, 27.0216
2850673, 8.630948e-02, 2.631066e-01, 2.2042, 570084.9544, 2.445265e-01, 4.2985, 1.684110e-07, 41.1577, nan, nan, nan, nan, 29.3472
208363, 8.878175e-02, 2.602707e-01, 0.5383, 570203.0289, 5.864269e-02, 2.7417, 8.393695e-06, 51.3322, nan, 49.3642, 48.9685, 49.0378, 48.9358
6269853, 8.736902e-02, 2.643946e-01, 4.4463, 570135.9587, -3.185840e-01, 2.0795, 4.135894e-08, 35.5421, 33.3845, 27.8845, 26.4405, 26.6533, 26.9010
12920764, 8.621720e-02, 2.631140e-01, 1.1479, 570071.3376, 2.116911e-01, -2.1702, 1.079946e-06, 37.0578, nan, 30.7850, 29.2213, 27.7473, 27.1587
6261221, 8.619728e-02, 2.632417e-01, 0.4609, 570118.3891, -2.472021e-01, 4.5425, 1.318260e-05, 23.7577, 22.7747, 22.4128, 22.6566, 22.7841, 23.1928
17063308, 8.603342e-02, 2.631688e-01, 1.7508, 570129.9803, 3.381109e-01, 3.4474, 3.919690e-07, 37.1583, 36.7130, 33.0266, 29.5528, 27.5420, 26.3035
6691289, 8.866534e-02, 2.605742e-01, 0.5487, 570094.7443, -3.426186e-03, -1.7625, 6.047083e-06, 27.4633, 27.0432, 25.6941, 24.6853, 23.9553, 24.1000
3986577, 8.601534e-02, 2.632379e-01, 1.5003, 570176.1301, -3.457494e-02, -4.2798, 4.315536e-07, nan, nan, nan, nan, 51.7777, nan
7908569, 8.604551e-02, 2.634623e-01, 0.8997, 570119.1538, -1.123992e-01, -3.8942, 1.765709e-06, 28.0527, 27.2533, 25.8231, 24.4404, 24.3630, 24.4881
3295192, 8.599895e-02, 2.634395e-01, 3.1109, 570130.8130, 9.614467e-02, -3.7079, 9.989730e-08, 44.6668, 37.3122, 35.0389, 33.8325, 34.7761, nan
17166398, 8.539633e-02, 2.632646e-01, 2.4631, 570155.9763, 2.297581e-01, 2.1014, 1.149920e-07, 43.8808, 39.1547, 36.8594, nan, nan, 30.4785
8207356, 8.598865e-02, 2.632951e-01, 0.6845, 570031.0372, 1.218018e-01, -2.9937, 2.690665e-06, 32.7416, 31.5439, 28.4393, 27.6807, 26.8477, 26.4333
8907270, 8.752539e-02, 2.605806e-01, 0.8843, 570132.9268, -5.468997e-01, -0.4396, 3.561887e-06, 19.1603, 21.5141, 23.1103, 23.5832, 23.8777, 24.2269
16397139, 8.759752e-02, 2.606665e-01, 1.6073, 570220.7323, -1.563392e-01, -4.7570, 5.694617e-07, nan, nan, nan, nan, nan, nan
13041485, 8.802967e-02, 2.639045e-01, 1.6402, 570024.3660, 3.191750e-01, 0.7032, 7.289090e-07, 39.6158, 40.4222, nan, 32.2094, 30.1833, 28.9870
11273750, 8.785715e-02, 2.642511e-01, 0.6325, 570197.9054, 1.540507e-02, 0.9184, 5.343693e-06, 53.1939, 51.6125, nan, 50.1469, 50.2113, 49.9877
1678102, 8.799751e-02, 2.602666e-01, 1.8449, 570122.7791, 1.899702e-02, 0.1148, 3.357874e-07, 33.6712, 31.9672, 30.8427, 29.0881, 27.2503, 26.4944
6700621, 8.797338e-02, 2.607891e-01, 2.2202, 570089.3311, -1.169613e-01, -3.6631, 1.825813e-07, nan, nan, 31.2536, 28.8439, 28.4229, nan
3524573, 8.927602e-02, 2.621317e-01, 1.8860, 570203.5058, 8.666526e-02, -3.4291, 3.029304e-07, nan, nan, nan, nan, nan, nan
4198093, 8.788465e-02, 2.640850e-01, 1.9043, 570153.5003, -1.855290e-02, 3.6654, 3.296355e-07, 33.8366, 32.0442, nan, nan, 26.8608, 27.0347
17185217, 8.692515e-02, 2.642216e-01, 3.1836, 570168.6948, -4.776546e-01, 0.5449, 1.028667e-07, 31.7194, 24.0301, 23.1846, 24.1116, nan, nan
3863000, 8.881126e-02, 2.599115e-01, 1.2565, 570159.3213, -4.017555e-01, 4.1513, 1.079289e-06, nan, 24.6485, 25.3003, 27.2014, 27.6849, 26.6037
6884754, 8.689398e-02, 2.624317e-01, 2.4449, 570100.6957, -1.659890e-01, 1.0969, 2.601442e-07, 33.9564, 30.4850, 30.1098, 28.8488, 28.3824, 27.9882
7369339, 8.879609e-02, 2.598169e-01, 0.4357, 570059.7854, -5.130136e-01, 0.2508, 1.727444e-05, nan, 25.9043, 25.1746, 24.8329, 24.8683, 25.0520
7689455, 8.875283e-02, 2.598149e-01, 1.6015, 570131.0536, -3.516464e-02, 3.1782, 4.691593e-07, 31.2930, 30.2128, 28.2244, 26.5655, 26.0548, 25.4262
8840792, 8.660016e-02, 2.629079e-01, 1.2490, 570079.9535, -7.272770e-02, 0.7304, 9.099900e-07, nan, nan, nan, 27.6288, 26.6797, 26.3563
14938223, 8.647253e-02, 2.627509e-01, 2.1884, 570087.4383, 6.782127e-02, 0.9106, 3.301612e-07, nan, nan, nan, nan, nan, 28.5896
3847220, 8.655068e-02, 2.627536e-01, 1.1754, 570186.0451, -1.996794e-02, 4.0882, 6.534132e-07, nan, 52.8366, 51.6792, nan, 51.2716, 50.7796
14533406, 8.706357e-02, 2.642113e-01, 2.4672, 570141.5669, -3.194475e-01, -5.2186, 1.813256e-07, 28.3178, 25.2686, 25.5635, 25.0075, 27.0108, 28.7184
10999929, 8.706681e-02, 2.640910e-01, 0.4467, 570104.9738, 8.506069e-02, 3.2703, 1.285352e-05, 29.4157, 24.5085, 22.8160, 22.7746, 22.7335, 23.1380
9623295, 8.816530e-02, 2.601853e-01, 1.0240, 570102.0385, -3.358391e-01, 2.2730, 1.449293e-06, nan, nan, 25.9304, 25.0208, 24.7516, 24.8985
15835839, 8.854963e-02, 2.600431e-01, 0.3416, 570160.2426, 3.393137e-01, -3.0243, 1.586933e-05, nan, nan, nan, nan, nan, 51.2097
11470004, 8.855324e-02, 2.600788e-01, 1.0414, 570214.3836, 4.228488e-01, -1.7484, 2.694395e-06, nan, nan, nan, nan, nan, nan
1839430, 8.822910e-02, 2.606230e-01, 1.1038, 570156.7557, 1.886870e-01, -0.2522, 1.269069e-06, nan, nan, nan, nan, 31.7589, 29.2682
16380880, 8.995161e-02, 2.617494e-01, 1.1146, 570155.9139, 4.270938e-02, 4.2036, 1.153558e-06, 35.8655, 30.1963, 27.6399, nan, 26.4646, 26.7705
16330216, 8.838687e-02, 2.603618e-01, 3.2489, 570033.0094, 7.751555e-02, 3.9757, 9.924907e-08, nan, nan, nan, nan, nan, nan
12166619, 8.814615e-02, 2.604202e-01, 1.3978, 570088.7985, -4.492574e-02, -0.5244, 9.514462e-07, nan, nan, nan, 28.0865, 26.7944, 26.0035
15993841, 8.717383e-02, 2.623262e-01, 2.2535, 570210.4363, 1.052204e-01, 2.9998, 2.075866e-07, nan, nan, 58.6021, 54.9939, 54.2754, 53.2814
13127540, 8.713164e-02, 2.622722e-01, 0.5873, 570051.0476, 5.280383e-02, -0.1243, 8.313425e-06, 32.1152, 28.6331, 26.4962, 25.6281, 24.8278, 24.7804
2686991, 8.709552e-02, 2.623246e-01, 1.2086, 570134.7157, 7.853697e-02, 2.2125, 1.518992e-06, 31.6481, 30.7962, 26.5612, 24.9921, 24.3120, 24.3487
11334544, 8.813052e-02, 2.599477e-01, 1.4698, 570129.2585, -4.068271e-01, -4.6909, 7.656296e-07, 22.2018, 23.4374, nan, 25.8891, 24.9862, 24.9908
2725359, 8.807864e-02, 2.598464e-01, 0.3092, 570169.4114, -3.466898e-01, 4.9153, 3.211373e-05, 45.6815, 47.8733, 47.0668, 47.9637, 47.5356, 48.6100
11682634, 8.810882e-02, 2.599247e-01, 0.5988, 570061.2159, -1.213403e-01, 1.9269, 6.881760e-06, nan, nan, 26.2528, 25.4354, 24.6991, 24.6517
13752878, 8.704909e-02, 2.622696e-01, 2.1981, 570197.4304, -3.393991e-01, 3.6176, 2.670764e-07, nan, nan, 51.1932, 49.1341, 50.2241, 50.7574
6679631, 8.663458e-02, 2.622128e-01, 2.3115, 570199.0547, 4.170621e-01, -3.0161, 1.452746e-07, nan, nan, nan, nan, nan, nan
11967379, 8.660618e-02, 2.622363e-01, 2.0176, 570039.2482, -4.526373e-01, 1.1849, 5.762497e-07, 25.0794, 25.1025, nan, nan, 29.4698, 28.0284
11455812, 8.683360e-02, 2.621936e-01, 3.4950, 570091.1788, 4.099142e-02, 2.2944, 6.874493e-08, 43.5930, 39.9786, 36.7685, 35.8329, 34.6672, 32.6779
14278072, 8.665888e-02, 2.621457e-01, 0.2455, 570034.3582, -3.630146e-02, -3.1007, 7.774284e-05, 25.3676, 24.9875, 23.8389, 23.3811, 24.1998, 23.9532
631872, 8.807023e-02, 2.595184e-01, 0.1334, 570204.5752, 4.098628e-01, -1.2537, 2.035698e-04, nan, nan, 48.9522, 46.8178, nan, nan
16017454, 8.712786e-02, 2.618275e-01, 2.2612, 570041.5569, -1.105051e-01, 2.3374, 2.288897e-07, 35.7488, 33.4230, 35.2658, nan, 30.3291, 32.1042
3229966, 8.841664e-02, 2.596233e-01, 1.2232, 570031.4968, 3.230472e-01, -0.7919, 1.151585e-06, 37.9411, 35.5938, 32.0570, 29.9451, 28.2330, 27.7133
510847, 8.831502e-02, 2.595510e-01, 0.5506, 570148.8066, -2.252391e-01, -1.3259, 8.731153e-06, nan, nan, nan, nan, 28.3383, 28.2396
8490723, 8.812245e-02, 2.638252e-01, 1.0269, 570029.1888, -2.842476e-02, 0.1382, 1.517458e-06, 35.7118, nan, 29.8041, 28.3308, 27.6304, 27.0903
10434136, 8.572979e-02, 2.623232e-01, 1.5715, 570049.5288, 1.830966e-01, 2.0050, 8.777607e-07, 38.2604, nan, nan, 30.8484, 29.1239, 27.7076
12669005, 8.745161e-02, 2.604549e-01, 1.8614, 570045.3959, 5.108800e-02, 1.5871, 3.702064e-07, 37.6424, 35.8914, nan, nan, 30.5158, 29.5724
10701810, 8.595798e-02, 2.621118e-01, 3.0955, 570091.4003, 2.627323e-01, 2.3928, 1.735190e-07, 45.6466, 43.4587, 40.5936, 38.7401, 36.1077, 34.8301
1085049, 8.875134e-02, 2.634438e-01, 0.5849, 570202.6759, 4.857272e-01, -1.1915, 7.823194e-06, nan, nan, nan, nan, 50.0234, 50.2309
8786539, 8.741620e-02, 2.602295e-01, 1.2243, 570200.5096, -1.644176e-02, 3.5593, 1.630947e-06, nan, 52.2285, 51.0602, nan, 50.9870, 49.6374
16698528, 8.643870e-02, 2.618773e-01, 3.5014, 570024.3410, 1.059982e-01, -0.7793, 8.928808e-08, 47.3854, nan, nan, nan, nan, 35.5643
11397366, 8.639147e-02, 2.618597e-01, 3.2153, 570084.0711, 2.060079e-03, 5.1770, 9.857186e-08, nan, 41.4960, 38.4867, 37.7447, nan, nan
5212870, 8.742136e-02, 2.637137e-01, 3.1699, 570039.9660, 5.221124e-02, -2.9252, 1.387626e-07, 41.6441, nan, nan, nan, 31.8201, 30.5393
8857941, 8.800628e-02, 2.632343e-01, 1.2496, 570169.2980, 3.963760e-02, -0.9650, 1.133863e-06, nan, nan, nan, nan, nan, nan
942066, 8.792642e-02, 2.632614e-01, 1.0203, 570143.9529, -3.076956e-01, -0.3818, 9.705582e-07, 25.5202, 25.4697, 26.3610, 25.9548, 25.8923, 26.1559
17273249, 8.639979e-02, 2.621079e-01, 2.9497, 570216.5807, 1.452591e-01, -0.6911, 2.024004e-07, nan, nan, nan, nan, nan, nan
12353638, 8.638727e-02, 2.621297e-01, 3.9768, 570057.5108, 2.962120e-01, -0.3065, 4.084846e-08, nan, nan, nan, nan, nan, nan
691722, 8.637354e-02, 2.621460e-01, 0.2874, 570174.2915, -4.263126e-01, -2.5469, 5.005895e-05, nan, nan, nan, 51.5245, nan, nan
6193526, 8.803129e-02, 2.636600e-01, 3.4854, 570087.4011, -1.097146e-01, 3.7877, 4.265667e-08, 42.4672, 37.2518, 34.4775, 34.0001, 33.4432, 32.5232
15805930, 8.632927e-02, 2.621979e-01, 1.3849, 570141.8752, -1.023537e-01, -3.6249, 6.966312e-07, 29.2799, 27.1897, 26.8955, 27.3540, 28.8216, 25.8425
16158526, 8.609990e-02, 2.620762e-01, 2.5260, 570098.1290, -6.603864e-02, -2.2153, 2.529926e-07, 37.7352, 33.2773, 32.3816, nan, nan, 32.6457
4555379, 8.748688e-02, 2.593429e-01, 1.1555, 570137.5671, -1.389109e-01, 1.4815, 2.448493e-06, 26.8751, nan, 25.0952, 24.2506, 23.8581, 24.0028
2381602, 8.766389e-02, 2.637924e-01, 0.9263, 570138.1925, 1.383355e-01, 0.8589, 1.949609e-06, 31.9231, 29.7783, 25.7865, 24.6802, 24.5183, 24.5719
2787506, 8.766522e-02, 2.637218e-01, 1.5381, 570202.3528, -2.273193e-01, 2.5099, 6.706397e-07, nan, 53.3370, 50.1843, 51.1640, nan, 53.3763
4897362, 8.769298e-02, 2.635250e-01, 0.7773, 570124.2347, 6.100690e-02, 1.0753, 4.476351e-06, 29.3204, 26.1643, 24.1028, 23.2720, 23.3921, 23.3363
3942218, 8.732277e-02, 2.595308e-01, 0.2957, 570205.1462, -5.644642e-02, 5.4159, 2.696715e-05, 48.2180, 48.4663, 47.2196, 47.8008, 47.0671, 47.9943
11512523, 8.732821e-02, 2.594163e-01, 1.2888, 570167.7469, 1.081840e-02, -1.8202, 1.047323e-06, nan, nan, nan, nan, nan, nan
6292642, 8.876328e-02, 2.624999e-01, 1.7878, 570066.1616, 2.681758e-01, -0.3216, 3.071822e-07, 40.5261, nan, 36.1789, 33.7544, 30.5626, 29.4252
3023301, 8.693690e-02, 2.611151e-01, 0.9201, 570197.2900, -5.423955e-01, -0.6412, 2.656142e-06, nan, nan, nan, nan, nan, 52.9506
9842625, 8.699656e-02, 2.610820e-01, 0.9868, 570064.2172, -1.989870e-01, -5.0152, 1.721746e-06, 30.1036, 25.5606, 28.3164, 28.5492, nan, nan
4208144, 8.766553e-02, 2.595799e-01, 1.9914, 570217.5158, 1.648938e-01, 2.0330, 3.349152e-07, nan, nan, 57.2182, 54.8468, 54.2456, 52.9461
10705978, 8.776213e-02, 2.593446e-01, 0.8686, 570191.5356, -2.772764e-01, 2.6735, 2.579702e-06, nan, 48.8351, 51.0144, 50.0833, 50.1581, 50.5257
9702454, 8.700524e-02, 2.614845e-01, 0.9303, 570201.5087, -9.306007e-02, 0.1495, 3.508280e-06, nan, nan, nan, nan, 51.7826, 50.9611
5588466, 8.845239e-02, 2.631056e-01, 1.5602, 570052.9929, 2.520051e-01, 0.2786, 6.749310e-07, 38.8059, 38.5099, nan, 31.1972, 29.6015, 28.1493
6052527, 8.714813e-02, 2.613119e-01, 0.6129, 570033.8609, 1.031621e-01, 8.8466, 3.917496e-06, nan, 29.6210, 26.9444, 25.6231, 24.9499, 24.7586
7160803, 8.715328e-02, 2.613797e-01, 1.4754, 570205.9585, -3.692279e-01, 1.6287, 6.479621e-07, nan, nan, 49.3338, 51.1586, nan, 53.3472
12684508, 8.738592e-02, 2.596225e-01, 2.5211, 570034.5341, -2.258658e-01, 4.7428, 2.303774e-07, 34.1249, 30.8221, 30.7018, nan, nan, 29.5807
12616440, 8.669206e-02, 2.615276e-01, 0.8803, 570181.0871, 6.211008e-01, -4.0569, 1.709196e-06, nan, nan, 53.3355, nan, nan, nan
10323198, 8.678364e-02, 2.614207e-01, 2.9451, 570038.5274, -6.071530e-02, 0.8722, 1.568851e-07, nan, nan, nan, nan, nan, nan
14154948, 8.665468e-02, 2.614332e-01, 1.1663, 570124.7894, 1.788687e-01, 3.9770, 9.930161e-07, 33.5561, 30.6555, 27.0625, 25.6228, 24.7400, 24.7363
16674886, 8.748140e-02, 2.595578e-01, 1.4094, 570217.9499, -2.054797e-01, 4.1542, 1.103382e-06, nan, 50.7064, 49.6405, 49.8977, nan, 50.5561
843930, 8.693491e-02, 2.614161e-01, 0.3052, 570214.8912, 5.519592e-02, 4.1458, 3.078685e-05, 49.3573, 49.1065, 47.2108, 47.6341, 46.9730, 47.9219
6621289, 8.720283e-02, 2.611876e-01, 2.1212, 570038.5360, 2.320052e-01, -0.5395, 2.561707e-07, 41.9892, 40.3028, 36.5322, 34.0978, 32.9259, 31.3883
16344024, 8.849766e-02, 2.627570e-01, 1.1556, 570049.4630, 1.217610e-01, 0.3673, 1.084263e-06, 36.9440, nan, 30.8208, 28.9882, 27.7569, 27.2221
10071292, 8.650539e-02, 2.618223e-01, 0.3760, 570202.3906, -4.206476e-01, -0.5872, 2.122926e-05, nan, nan, nan, 49.9043, 49.9764, 50.1641
3934377, 8.707926e-02, 2.615919e-01, 0.2789, 570036.6614, -4.575698e-02, 2.6997, 3.128944e-05, nan, 25.3419, 24.0885, 23.4812, 23.6209, 23.5924
5918577, 8.710861e-02, 2.616236e-01, 0.4490, 570192.8643, -9.954857e-02, -0.1006, 1.614088e-05, nan, nan, nan, 49.7274, 49.6603, 49.3561
13723205, 8.828193e-02, 2.632394e-01, 1.6368, 570154.2664, 3.106939e-01, -5.7936, 4.642737e-07, nan, 35.7027, 30.7656, nan, nan, nan
3481737, 8.825965e-02, 2.631970e-01, 2.0023, 570197.9178, 4.737720e-01, 4.0728, 3.270601e-07, 64.9447, 63.6226, 60.6989, 56.9283, 54.7406, 53.0540
12588675, 8.807703e-02, 2.634313e-01, 2.7111, 570213.8751, 4.678855e-01, 2.0690, 1.158592e-07, 69.6397, 70.1269, nan, 62.9413, 60.0264, 58.2014
6017716, 8.699344e-02, 2.616104e-01, 2.4737, 570083.5799, -5.104596e-01, -1.5772, 2.484334e-07, nan, nan, nan, 25.0162, 25.5249, 26.3077
14376936, 8.873803e-02, 2.631173e-01, 1.0869, 570028.4690, 1.566488e-01, 0.5711, 1.307691e-06, 37.0750, nan, 30.4968, 28.9217, 27.7335, 27.1977
9663394, 8.798559e-02, 2.598099e-01, 2.3879, 570088.7969, -9.159528e-02, 0.5006, 2.976644e-07, nan, nan, nan, nan, nan, 29.6200
16681720, 8.645257e-02, 2.621494e-01, 3.3358, 570054.1512, 3.418408e-01, -0.6950, 1.495185e-07, nan, nan, nan, nan, nan, nan
6725863, 8.852993e-02, 2.633017e-01, 2.2733, 570038.5660, 4.083442e-01, 2.9439, 2.674592e-07, nan, 44.7803, nan, nan, nan, 33.0912
13251302, 8.859201e-02, 2.631211e-01, 1.8955, 570188.1868, -2.930686e-01, -1.7609, 2.982187e-07, nan, nan, nan, nan, nan, nan
2371522, 8.855678e-02, 2.631233e-01, 2.1949, 570108.1893, -3.858067e-01, 0.1821, 1.943934e-07, 26.3809, 25.0042, 25.8713, 26.7139, 27.1212, 26.6802
10420966, 8.790438e-02, 2.599217e-01, 1.6478, 570109.2479, 1.100898e-01, -1.1656, 4.598613e-07, 35.7731, 34.2707, nan, 29.7507, 27.4631, 26.4197
11431301, 8.765665e-02, 2.600014e-01, 1.0153, 570114.1597, -9.944391e-02, 1.5180, 1.737887e-06, 29.0916, 27.3752, 25.8124, 24.5842, 24.3087, 24.4150
9338738, 8.768704e-02, 2.599499e-01, 0.7750, 570062.7707, 9.896697e-02, -1.3942, 3.605053e-06, 32.2290, 29.2273, 28.0430, 26.6908, 26.2637, 25.3432
10135324, 8.766560e-02, 2.598659e-01, 1.1060, 570194.3858, -3.721072e-01, -3.3689, 1.904840e-06, nan, nan, nan, 52.0144, nan, nan
16078783, 8.834647e-02, 2.635024e-01, 2.0385, 570105.8133, 1.363837e-01, -0.2318, 3.238313e-07, 38.2905, 36.0587, 34.4463, 33.0242, 29.5379, 28.0882
7816184, 8.885866e-02, 2.606169e-01, 0.5946, 570211.4874, -8.326514e-02, 3.1121, 6.262153e-06, 50.0334, 49.6922, 50.6531, 49.1221, 49.7328, 49.4166
9717817, 8.680733e-02, 2.616182e-01, 0.9826, 570186.6865, 3.738387e-01, -0.0844, 2.222721e-06, nan, nan, nan, nan, 53.2294, 52.2595
17412396, 8.679320e-02, 2.617453e-01, 5.7510, 570029.0657, 2.541071e-01, -2.7253, 1.404351e-08, nan, nan, nan, nan, nan, nan
5863392, 8.821227e-02, 2.634272e-01, 0.6725, 570131.1714, -3.373316e-01, -0.5601, 4.784928e-06, 22.9985, 23.8733, 23.4617, 23.5899, 23.9035, 24.0160
1508687, 8.816047e-02, 2.634566e-01, 1.3049, 570125.3703, 3.487673e-01, 1.8606, 8.527619e-07, 34.9679, 33.9610, 29.4062, 26.5682, 25.3058, 24.8011
689529, 8.889633e-02, 2.605520e-01, 1.1212, 570171.3136, -1.274659e-01, 4.5098, 1.402309e-06, nan, 50.4330, 50.0367, nan, 49.7019, 50.2473
4261437, 8.835139e-02, 2.633487e-01, 0.6989, 570040.4858, -4.551129e-01, -3.8371, 4.955202e-06, 23.4367, 24.0712, 27.3295, 27.2573, 26.8122, 26.6227
1232987, 8.568213e-02, 2.638285e-01, 1.0906, 570215.9013, -1.683322e-01, -2.0120, 1.949520e-06, nan, nan, nan, 53.3960, nan, nan
9840135, 8.904519e-02, 2.601317e-01, 0.9728, 570050.7659, -5.341826e-01, -0.1571, 2.389251e-06, 24.8191, 25.5049, 26.8076, 27.0780, 26.8196, 26.6592
14789943, 8.600597e-02, 2.636747e-01, 1.6346, 570052.5266, 1.786396e-01, 2.8399, 5.767384e-07, 38.6255, nan, nan, 32.2677, 29.5424, 28.1018
8508314, 8.638143e-02, 2.632486e-01, 1.0751, 570138.8049, 2.485381e-01, -4.1398, 1.404387e-06, 34.4514, 30.0326, 28.6549, 27.0783, 25.3114, 25.6989
11295557, 8.619608e-02, 2.637472e-01, 1.4125, 570174.7740, 1.528270e-01, -1.8820, 6.647616e-07, nan, nan, nan, nan, nan, nan
11652994, 8.901722e-02, 2.602881e-01, 1.0933, 570043.1670, -1.606183e-01, -1.8564, 1.437654e-06, 32.3995, 28.2048, 27.9525, 28.2248, 27.7482, 27.3972
8287768, 8.616896e-02, 2.637395e-01, 2.4030, 570217.8560, 1.693185e-01, 2.1267, 1.701967e-07, nan, nan, nan, 56.8680, 55.2228, 56.0917
3607803, 8.720621e-02, 2.624594e-01, 2.4235, 570104.5028, 1.397764e-02, -1.3921, 2.388910e-07, 38.2941, 34.1671, 32.9915, nan, nan, 29.8938
7856528, 8.691464e-02, 2.626569e-01, 2.1759, 570042.2367, -4.430644e-01, 5.5600, 2.112656e-07, 26.6842, 25.9721, nan, nan, 28.1798, 30.5245
11384541, 8.889081e-02, 2.599834e-01, 3.2238, 570168.7475, 4.564686e-01, 3.6392, 6.605184e-08, nan, nan, 45.0344, 41.9136, nan, nan
16693968, 8.659353e-02, 2.630876e-01, 3.5659, 570127.5267, 1.362688e-01, 4.4262, 8.743292e-08, 43.4184, 40.3067, 36.6432, 35.3337, 34.2197, 32.7632
7932049, 8.693699e-02, 2.628806e-01, 0.8356, 570045.8492, 2.809233e-01, 4.3626, 3.395046e-06, nan, nan, 27.8198, 26.4432, 25.7234, 25.1576
13016890, 8.714501e-02, 2.634454e-01, 0.8931, 570207.9678, -1.293370e-01, -2.0469, 1.898720e-06, nan, nan, nan, nan, nan, nan
3278856, 8.895264e-02, 2.599819e-01, 1.0756, 570139.2848, 4.064531e-01, 1.6404, 1.430405e-06, 34.2126, nan, 27.7328, 25.3792, 24.7305, 24.5693
4576207, 8.685720e-02, 2.631619e-01, 1.2077, 570126.4840, -4.484802e-04, -2.8439, 1.139975e-06, 30.6953, nan, 28.2278, 25.3960, 24.6929, 24.5587
5233668, 8.917584e-02, 2.600186e-01, 1.0187, 570034.1481, -2.967090e-01, 0.5816, 2.608412e-06, 29.5608, nan, 29.4857, 27.4232, 26.8997, 26.5166
11401708, 8.645060e-02, 2.637366e-01, 3.1877, 570097.4927, 2.340524e-01, 2.9720, 1.113808e-07, 44.2570, 42.4036, 39.5562, 37.9300, 34.7970, 33.2069
5671455, 8.679972e-02, 2.631773e-01, 2.3230, 570086.4267, 2.099795e-01, 5.0504, 2.394921e-07, nan, nan, nan, nan, nan, 29.9553
4713005, 8.881981e-02, 2.611613e-01, 1.5604, 570183.7566, -5.785797e-01, -1.8215, 6.375855e-07, nan, nan, nan, nan, nan, nan
13322827, 8.869872e-02, 2.613798e-01, 2.4725, 570110.0449, -1.848872e-01, 0.4698, 2.143243e-07, 32.7639, 29.2303, 28.8966, 28.7109, 28.5641, 27.8267
8528773, 8.864379e-02, 2.614017e-01, 0.1727, 570179.8891, -2.291788e-01, -3.6216, 1.098393e-04, nan, nan, nan, nan, nan, nan
8486267, 8.844483e-02, 2.613998e-01, 1.0612, 570109.5930, -9.917392e-02, 0.6084, 9.941055e-07, 30.6272, 29.0216, 26.9619, 25.5568, 25.0440, 25.0340
11528021, 8.867376e-02, 2.612256e-01, 1.2976, 570053.5995, 4.645819e-02, 4.7430, 6.655480e-07, 36.4787, nan, nan, 29.0414, 27.9280, 27.1570
11273515, 8.834318e-02, 2.623082e-01, 0.6307, 570081.6257, 2.794106e-01, -1.5616, 1.417538e-05, 31.4673, 28.9077, 25.6361, 24.4499, 23.4075, 23.1540
1046867, 8.858665e-02, 2.620997e-01, 1.6714, 570173.4627, 4.302507e-01, -5.2107, 4.639482e-07, nan, 43.6102, nan, nan, nan, 32.4626
16655879, 8.744417e-02, 2.623155e-01, 2.4288, 570185.4084, -3.640932e-01, -5.5190, 2.675886e-07, nan, nan, nan, nan, nan, nan
5469586, 8.750843e-02, 2.621534e-01, 1.2960, 570179.8818, -2.477253e-01, -1.8530, 1.234407e-06, nan, nan, nan, nan, nan, nan
6427779, 8.788794e-02, 2.619266e-01, 1.7433, 570164.4890, -2.440489e-01, 0.0629, 6.014145e-07, 33.7353, 32.1193, 30.7625, 30.2995, 29.8624, 32.3701
13669959, 8.795347e-02, 2.618918e-01, 1.5322, 570148.0843, 1.955439e-01, -7.9728, 7.985328e-07, nan, 31.3112, 28.3792, nan, nan, nan
11446976, 8.801312e-02, 2.622697e-01, 1.0754, 570107.6565, -2.096174e-02, 1.0078, 1.367938e-06, 32.2123, 30.0319, 26.9655, 25.3922, 24.7286, 24.6806
556559, 8.771312e-02, 2.620629e-01, 1.9907, 570132.2515, 9.445037e-02, 1.9981, 2.590779e-07, 36.0586, 33.8892, 31.9517, 29.9228, 27.8177, 27.0678
15044493, 8.818043e-02, 2.619964e-01, 1.8071, 570082.5965, -2.511744e-01, -0.1153, 2.561597e-07, nan, nan, nan, nan, 28.5389, 28.0465
16479926, 8.847303e-02, 2.618608e-01, 2.3060, 570027.6273, -1.009840e-01, 0.7267, 1.884564e-07, 36.9210, 34.2951, 34.7828, nan, nan, 30.7803
13621204, 8.861345e-02, 2.616182e-01, 3.6508, 570140.6297, 1.431061e-01, -0.0621, 1.039318e-07, 43.6049, 40.5704, 36.6176, 35.2909, 34.1901, 33.2570
4101631, 8.861710e-02, 2.616639e-01, 0.8243, 570130.2787, -2.178463e-01, 0.4698, 2.841490e-06, 25.3402, 25.1172, 24.1407, 23.8004, 24.0302, 24.1559
8167494, 8.765489e-02, 2.623410e-01, 0.7080, 570126.2517, 2.293687e-01, -3.1054, 4.665621e-06, 31.8662, 27.5616, 24.1089, 23.2926, 23.3784, 23.1489
16994379, 8.752510e-02, 2.627307e-01, 2.4029, 570047.8574, 1.971093e-01, 2.8072, 2.860141e-07, nan, nan, nan, nan, 33.3707, nan
377871, 8.739740e-02, 2.627850e-01, 0.9479, 570099.0081, 3.300906e-01, 3.8264, 1.711577e-06, 33.8618, nan, 27.0560, 25.0634, 24.5208, 24.5883
4259484, 8.755271e-02, 2.626234e-01, 0.6951, 570192.9263, 1.288102e-01, 0.6437, 5.373515e-06, 55.7643, 52.8672, nan, 50.4371, 50.0887, 49.9811
15418081, 8.763535e-02, 2.623940e-01, 1.6143, 570116.1548, 6.459186e-02, -1.5163, 1.029587e-06, 33.2607, 31.6127, 30.1459, 27.6549, 26.0927, 25.1663
11263628, 8.854583e-02, 2.624282e-01, 2.3892, 570208.5940, 1.524285e-01, 4.0303, 1.529444e-07, nan, nan, nan, 55.9762, 54.4475, 55.0247
3629976, 8.729546e-02, 2.636211e-01, 0.9750, 570150.7966, -4.875590e-01, -4.8535, 1.752181e-06, 23.7794, 22.0960, nan, nan, nan, nan
12309188, 8.753011e-02, 2.634938e-01, 3.7874, 570128.8429, -2.491495e-01, 1.9580, 7.108225e-08, 36.3427, 31.3476, 27.9500, 27.6298, 27.7504, 27.7182
15298198, 8.739338e-02, 2.636681e-01, 0.3877, 570078.7370, 2.359485e-01, -0.3325, 2.720296e-05, 29.4972, 26.0343, 24.2335, 23.0832, 22.7248, 22.7876
3173144, 8.736342e-02, 2.631700e-01, 1.7921, 570150.5096, 2.443904e-01, -3.9757, 2.935145e-07, 39.4949, 36.7184, 31.2428, 32.1763, nan, 29.7465
11822270, 8.788973e-02, 2.630543e-01, 0.2309, 570091.6197, -5.100164e-01, -3.3062, 6.681812e-05, 23.4488, 24.8112, 23.6198, 23.1331, 23.1853, 23.1025
2740612, 8.772695e-02, 2.630704e-01, 1.1222, 570094.1331, -3.928252e-01, -0.0864, 1.173551e-06, nan, nan, 27.5292, 26.2063, 25.5800, 25.5275
11441108, 8.773853e-02, 2.630850e-01, 3.5734, 570155.3502, 2.259210e-01, 1.0130, 1.037171e-07, 45.5302, 42.3070, 38.4511, 36.8552, 35.5035, 38.0453
7937563, 8.803123e-02, 2.627710e-01, 0.7627, 570111.1431, -1.881264e-01, 4.5472, 3.217494e-06, 26.1464, 25.0109, 24.2586, 23.6809, 23.9989, 23.9344
9898279, 8.755370e-02, 2.629060e-01, 3.5325, 570049.8790, 1.902700e-01, -3.3952, 1.361781e-07, nan, nan, nan, nan, nan, nan
14610723, 8.759507e-02, 2.628424e-01, 0.9563, 570192.9884, -7.336227e-02, 1.3401, 1.483306e-06, nan, 52.2319, 54.9309, nan, 51.0452, 50.9752
13175779, 8.754793e-02, 2.630978e-01, 0.7980, 570090.6546, -2.502602e-02, 5.3933, 3.616150e-06, nan, nan, 25.4778, 24.2865, 24.0666, 23.9619
13989468, 8.752099e-02, 2.629691e-01, 4.7053, 570091.1823, -3.666582e-01, 2.6837, 4.703795e-08, 35.7074, 35.3487, 28.5147, 26.6118, 26.5523, 27.1017
4472125, 8.782462e-02, 2.627983e-01, 1.3380, 570097.4008, 3.949062e-01, -7.3400, 7.270013e-07, nan, 35.0891, 31.0306, nan, 28.5837, nan
