#snid, snra, sndec, z, t0, c, x1, x0, mag_u, mag_g, mag_r, mag_i, mag_z, mag_y
15923375, 8.583906e-02, 2.606302e-01, 3.0630, 570274.4295, -5.393401e-01, 4.1734, 1.022202e-07, nan, nan, nan, nan, 46.8840, 47.4506
7263698, 8.575438e-02, 2.610334e-01, 3.5136, 570097.4849, 4.346194e-01, 3.3698, 1.084526e-07, nan, nan, nan, nan, nan, nan
12137579, 8.574557e-02, 2.609581e-01, 0.6338, 570091.4656, -2.087904e-01, -1.9916, 9.658791e-06, 27.1908, 26.5691, 26.6595, 26.0321, 25.4251, 25.3690
101379, 8.586001e-02, 2.608611e-01, 0.4179, 570236.2527, -2.209909e-01, 1.6359, 1.385815e-05, 48.2593, nan, 48.9149, 49.1729, 49.2859, 48.8325
7194718, 8.614067e-02, 2.608921e-01, 1.4113, 570146.8280, 7.072162e-02, -4.6059, 8.681438e-07, nan, nan, nan, nan, 28.6351, nan
3672602, 8.635593e-02, 2.602747e-01, 1.4364, 570156.9855, -5.860795e-01, -2.1242, 6.885860e-07, nan, 23.3737, 23.2661, 26.9532, 26.0512, 25.7689
2045958, 8.533871e-02, 2.607300e-01, 1.9977, 570089.8790, 5.355234e-02, -3.6435, 2.740560e-07, 38.4852, 37.2471, 31.6286, 29.9007, 30.4472, 34.2052
12221542, 8.898240e-02, 2.635316e-01, 3.4655, 570248.6627, -3.613803e-01, -0.2162, 4.969586e-08, nan, nan, nan, nan, nan, nan
10342097, 8.896703e-02, 2.607238e-01, 1.1275, 570117.6414, -5.517173e-01, 5.7414, 1.317762e-06, 23.4127, nan, nan, 26.9852, 26.3264, 26.0226
15816490, 8.908595e-02, 2.605999e-01, 1.2994, 570159.3817, 1.517792e-01, 3.7115, 1.129015e-06, 34.8769, nan, 30.8063, 26.2680, 25.2013, 24.6651
6065274, 8.584370e-02, 2.612235e-01, 0.6203, 570158.2482, -2.207928e-01, -0.5361, 6.699608e-06, nan, 26.6859, 24.4652, 23.9908, 23.7719, 24.0204
17357122, 8.548443e-02, 2.606276e-01, 2.5711, 570233.6168, 3.961262e-02, -0.5245, 1.570125e-07, 45.1746, 40.0624, 38.1920, 35.3568, 35.5707, nan
13434942, 8.891291e-02, 2.636513e-01, 1.0832, 570272.5238, -3.270148e-01, -3.0799, 1.937037e-06, nan, nan, nan, 51.0826, nan, nan
15953230, 8.515362e-02, 2.607274e-01, 0.2338, 570138.3565, 6.388533e-01, 0.2007, 5.350494e-05, 28.8583, 24.6972, 22.5759, 21.5196, 21.4196, 21.2011
7010511, 8.569354e-02, 2.638673e-01, 0.6865, 570100.8358, -1.543436e-01, -0.7837, 1.056480e-05, 28.1042, 27.1239, 26.4416, 25.6740, 25.1742, 24.7880
8481405, 8.582894e-02, 2.639030e-01, 1.0233, 570183.9928, 3.242840e-01, 4.7105, 1.291082e-06, 33.7095, 30.5956, 26.8627, 24.9035, 24.4970, 24.4501
3353584, 8.508039e-02, 2.606621e-01, 2.0790, 570240.3132, -2.170236e-01, 4.4783, 3.123972e-07, 41.1022, nan, 32.9348, 31.8866, 33.7967, 32.0815
13242038, 8.633419e-02, 2.604240e-01, 1.7579, 570270.4480, -2.686536e-02, 3.2828, 6.375565e-07, nan, nan, 52.5492, 52.4245, 50.6726, nan
2817638, 8.635024e-02, 2.604599e-01, 0.5017, 570086.8176, 6.160631e-02, -2.1084, 1.476040e-05, 29.2536, 28.0624, 26.0988, 25.1315, 24.6041, 24.7216
16484622, 8.608676e-02, 2.607337e-01, 2.3599, 570247.4406, 1.476910e-01, -1.1800, 2.174380e-07, nan, nan, nan, nan, nan, nan
6425989, 8.953957e-02, 2.604068e-01, 0.3384, 570194.4992, 5.301086e-01, -1.1888, 2.848746e-05, 29.5143, 24.1667, 23.0118, 22.5680, 22.0703, 22.0950
12684012, 8.629696e-02, 2.639783e-01, 2.6112, 570109.0222, -6.387793e-01, -1.5505, 1.280293e-07, nan, nan, nan, 23.1081, 23.2937, 24.5934
331975, 8.611692e-02, 2.606486e-01, 0.8593, 570098.0137, -3.313707e-01, 0.9160, 2.789860e-06, nan, nan, 27.2369, 26.9692, 26.5836, 26.3678
17040958, 8.608780e-02, 2.605016e-01, 3.4322, 570228.9859, 1.870527e-02, 0.0210, 7.118635e-08, 42.6195, 38.0046, 35.0347, 34.0383, 33.3099, 32.8447
6197349, 8.529076e-02, 2.605332e-01, 1.0468, 570228.8672, 2.991030e-02, -0.1135, 1.697759e-06, nan, nan, nan, nan, 54.5288, 53.7630
13528742, 8.572480e-02, 2.604360e-01, 1.1066, 570148.8763, -2.844646e-01, -0.7448, 1.484562e-06, nan, nan, 28.2191, 26.4073, 25.7382, 25.4520
2442775, 8.573487e-02, 2.605085e-01, 3.0565, 570131.1740, -1.608110e-01, -1.6251, 1.521728e-07, nan, nan, nan, nan, 31.4117, 31.0891
17081836, 8.944301e-02, 2.632862e-01, 2.1173, 570139.3507, 2.558385e-01, 4.4156, 2.474468e-07, 39.9644, 41.0725, 36.0471, 32.3643, nan, 28.5679
45616, 8.534903e-02, 2.609907e-01, 0.5016, 570132.2989, 9.148908e-02, 2.7805, 6.602829e-06, nan, 27.6857, 25.7132, 24.5715, 23.8649, 23.8015
7300361, 8.615598e-02, 2.638981e-01, 3.3820, 570155.5615, -3.265923e-01, 0.4793, 1.073909e-07, 35.6001, 28.7057, 26.8621, 27.2966, 27.4195, 27.4270
16310453, 8.570951e-02, 2.605275e-01, 1.8089, 570131.8574, -3.931438e-01, -5.1409, 3.743292e-07, nan, nan, 24.9237, 25.3000, 29.4189, nan
12597716, 8.939700e-02, 2.607343e-01, 2.0245, 570258.7521, 8.046560e-02, -6.5438, 4.038674e-07, nan, nan, nan, nan, nan, nan
10094272, 8.718700e-02, 2.595779e-01, 0.3774, 570213.5196, 2.930207e-01, -0.9939, 1.526003e-05, nan, nan, nan, 49.9145, 49.4433, 49.5759
5830763, 8.562269e-02, 2.613770e-01, 2.8756, 570180.6081, 5.273409e-02, -0.1654, 1.735891e-07, 40.4337, 34.9968, 33.2605, 32.1786, 31.5877, 30.8367
3887673, 8.935108e-02, 2.606968e-01, 0.3123, 570256.2284, 2.357219e-01, 4.6991, 2.892105e-05, 50.7803, 49.4069, 47.0501, 47.3365, 46.6499, 47.5763
16574467, 8.487367e-02, 2.612660e-01, 1.9944, 570146.8390, -1.499786e-01, -5.2141, 3.303388e-07, nan, nan, 28.7769, 27.4544, 28.6899, nan
4188292, 8.651178e-02, 2.608644e-01, 1.7869, 570104.5379, -4.537999e-01, 0.6423, 4.405831e-07, 24.8541, 25.6729, nan, nan, 28.2860, 28.4449
8277490, 8.652553e-02, 2.608568e-01, 2.4477, 570222.1344, 1.414436e-01, 0.6823, 2.155726e-07, 42.0618, 37.4944, 35.5632, nan, nan, 30.3139
6642785, 8.487233e-02, 2.609397e-01, 0.5162, 570248.5580, 3.414018e-02, -0.2072, 1.405003e-05, nan, nan, nan, 50.4657, 49.8110, 49.1822
9780061, 8.665447e-02, 2.599213e-01, 1.4135, 570210.3020, -3.414941e-01, -1.0391, 8.707463e-07, 25.3460, 24.9510, 25.2024, 29.1497, 27.1181, 26.6069
13930732, 8.656579e-02, 2.599824e-01, 0.9892, 570166.9558, -3.581027e-02, -4.0445, 2.273082e-06, 30.8436, nan, 27.9518, 25.1335, 24.4270, 24.3639
4445519, 8.518349e-02, 2.612944e-01, 1.4626, 570173.8037, 1.288973e-01, -0.8554, 7.945640e-07, 34.3388, 32.6095, 30.2607, 27.4014, 25.8754, 25.0953
3014102, 8.518210e-02, 2.615199e-01, 0.9873, 570115.2551, -7.982119e-01, -0.1440, 1.635279e-06, 19.6748, 21.9414, 25.7922, 27.0097, 26.9563, 26.8634
14299627, 8.588032e-02, 2.640253e-01, 0.5053, 570170.1674, 2.658891e-01, -5.1042, 8.459972e-06, nan, 27.6508, 23.6881, 23.0278, 22.8903, 22.7051
10155700, 8.907952e-02, 2.624292e-01, 1.1468, 570083.8227, 2.934688e-01, 2.9835, 1.312529e-06, 37.3484, nan, 30.1779, 29.2370, 27.5309, 27.0173
4517009, 8.495448e-02, 2.609818e-01, 0.3664, 570156.9991, 5.190028e-01, 0.6055, 2.452073e-05, 32.5855, 24.6371, 22.8272, 21.9514, 21.7460, 22.1256
14315752, 8.679163e-02, 2.597874e-01, 2.1497, 570160.2152, -1.249066e-01, 3.2500, 2.870255e-07, 33.2074, 31.0772, 29.3821, 27.9652, 27.7680, 26.7932
15666728, 8.685705e-02, 2.599382e-01, 2.6894, 570190.9976, 2.060199e-01, -2.4083, 1.870656e-07, 43.9310, 38.0761, 35.9465, 34.3484, nan, nan
1555401, 8.671987e-02, 2.600179e-01, 1.0776, 570133.3370, 5.916375e-01, -3.7238, 1.525868e-06, 37.3769, nan, 31.3790, 30.6143, 28.1499, 26.9242
1893271, 8.618244e-02, 2.600732e-01, 1.6996, 570211.5496, 6.857524e-02, 1.5418, 3.966961e-07, 35.4362, 33.8202, nan, 29.1633, 27.7184, 27.0768
2279785, 8.493931e-02, 2.610566e-01, 1.1003, 570206.1172, -7.362969e-02, 1.8983, 1.276589e-06, 30.5421, nan, 26.7597, 26.1882, 25.5690, 25.5823
13067087, 8.502174e-02, 2.608630e-01, 1.5686, 570160.1359, 4.462592e-02, -0.2851, 6.454789e-07, 35.1694, 33.9664, 32.4869, 28.5226, 26.8384, 25.9260
409338, 8.953958e-02, 2.623628e-01, 0.1336, 570270.9958, -2.613429e-01, 2.6800, 1.780921e-04, 46.0841, 46.3937, 46.3649, 46.3724, 46.3757, nan
7419099, 8.600030e-02, 2.640825e-01, 1.2852, 570154.8226, 2.570270e-01, -1.3942, 8.035588e-07, 36.3109, 34.4947, 31.1000, 28.3769, 26.4015, 25.9431
10236177, 8.717805e-02, 2.638910e-01, 0.3333, 570194.0449, 3.267919e-01, -1.4364, 3.348049e-05, 27.9478, 23.7990, 22.8803, 22.6221, 22.1925, 22.2856
3331209, 8.705100e-02, 2.639797e-01, 1.5452, 570190.9621, -4.050978e-02, -0.3172, 6.432936e-07, 30.6224, 29.5784, 28.9362, 26.6495, 25.6762, 25.3884
13926415, 8.513366e-02, 2.609316e-01, 2.4608, 570094.3072, -2.723738e-01, 2.2499, 2.622674e-07, 32.3909, 29.6266, 29.7599, nan, 28.4648, 30.6013
7253194, 8.932303e-02, 2.626019e-01, 0.9883, 570176.1446, 2.854436e-01, -5.4925, 1.728164e-06, 33.4419, 31.1645, 27.7866, 24.9461, 24.1747, 24.2914
4519282, 8.923195e-02, 2.623808e-01, 1.8576, 570241.4995, -1.463841e-01, 1.1978, 2.976660e-07, nan, nan, 53.3964, 52.9844, 52.8183, nan
9856152, 8.687993e-02, 2.640310e-01, 0.9818, 570270.7610, -8.584939e-02, 2.7995, 1.429273e-06, nan, 51.2274, 51.6168, nan, 50.2917, 50.2871
5726771, 8.549200e-02, 2.612139e-01, 0.8754, 570143.5813, 4.026724e-01, -3.4163, 2.126629e-06, 35.6222, 30.5486, 30.9993, 27.9970, 26.3786, 25.4845
156051, 8.578443e-02, 2.621624e-01, 0.1552, 570199.5883, 1.124126e-01, -1.2414, 9.135630e-05, nan, nan, 27.5387, 25.8595, nan, nan
9695094, 8.573728e-02, 2.620459e-01, 0.9398, 570248.2730, 2.572400e-01, -2.6662, 1.490039e-06, nan, nan, nan, nan, nan, nan
13616161, 8.537415e-02, 2.622440e-01, 3.7774, 570254.6506, 1.044637e-02, -3.4384, 7.594849e-08, nan, nan, nan, nan, nan, nan
2673376, 8.890548e-02, 2.630002e-01, 1.1322, 570118.7914, 1.663724e-01, 5.8424, 1.369737e-06, 35.8028, nan, 33.0308, 27.7879, 26.3672, 25.7220
7220831, 8.567151e-02, 2.621294e-01, 3.2777, 570193.3489, -4.762186e-01, 5.9902, 1.036851e-07, 30.9449, 23.1297, 22.0642, 23.0590, 23.7780, 23.8575
13498792, 8.572311e-02, 2.616105e-01, 1.7529, 570162.2298, 5.437685e-01, -2.6718, 5.156676e-07, 38.8682, 38.7733, nan, nan, 29.8246, 27.5876
13818104, 8.891088e-02, 2.627046e-01, 2.0783, 570183.9041, -4.461245e-01, -0.2209, 5.085016e-07, 22.2882, 21.7012, 23.0160, 24.7050, 24.8096, 24.8888
12975384, 8.678285e-02, 2.605085e-01, 0.3333, 570258.6009, 4.389266e-01, -1.5807, 3.708872e-05, nan, nan, nan, 50.5484, 49.4446, 48.1943
12429071, 8.511385e-02, 2.622849e-01, 1.6506, 570082.8682, -1.541734e-01, 1.4276, 4.395351e-07, 34.0343, nan, nan, nan, 29.3572, 28.9344
3638325, 8.507688e-02, 2.622929e-01, 0.6306, 570267.1515, -5.961564e-01, 0.8309, 6.079306e-06, 45.1974, 47.4710, nan, 50.2370, 50.5974, 50.7308
13927232, 8.628429e-02, 2.616778e-01, 2.4602, 570153.2368, 1.810587e-01, -2.5620, 1.727917e-07, 43.8067, 39.7409, 37.7515, nan, nan, 32.0386
16663476, 8.619253e-02, 2.617759e-01, 1.4341, 570178.9647, 3.004332e-01, -1.1788, 4.211114e-07, 36.1997, 35.2475, 31.9164, 28.2766, 26.5620, 25.6913
7189319, 8.914963e-02, 2.625729e-01, 1.4908, 570234.7952, 2.906985e-02, 1.0341, 4.512919e-07, nan, 57.8519, 54.3907, 53.5022, nan, nan
14569271, 8.667003e-02, 2.639117e-01, 1.4608, 570153.5986, 1.033074e-01, 2.1526, 7.419982e-07, 36.2997, nan, nan, 27.5719, 26.4835, 25.5082
2561031, 8.536483e-02, 2.600166e-01, 1.4986, 570256.0919, 1.577406e-01, 1.2540, 8.899644e-07, nan, 58.3583, 54.6582, 52.9119, nan, 54.7608
5179639, 8.689282e-02, 2.603857e-01, 0.1945, 570186.2360, -5.922522e-03, 3.5542, 7.571355e-05, 22.0133, 20.7546, 20.8254, 21.0555, 21.4125, 21.4268
17026390, 8.713202e-02, 2.602441e-01, 1.3812, 570258.8600, -1.685681e-02, 1.5444, 7.790860e-07, nan, 54.8153, 53.2154, 52.4911, nan, 51.6282
5806714, 8.714677e-02, 2.602884e-01, 2.0252, 570109.1510, 2.746034e-01, 3.2098, 1.807784e-07, 41.7545, 41.7132, 41.5164, 33.2480, nan, 30.8964
9565925, 8.546066e-02, 2.620510e-01, 0.7192, 570111.5816, -3.534575e-01, 5.1285, 4.287588e-06, nan, nan, 26.6615, 25.8537, 25.5468, 24.9503
4670374, 8.906795e-02, 2.626305e-01, 1.6600, 570150.8860, 1.734387e-01, 2.0145, 5.745585e-07, 37.2926, nan, nan, 30.3823, 27.3297, 26.5394
3849243, 8.608863e-02, 2.615425e-01, 1.2214, 570175.1527, 4.602906e-01, 1.1460, 7.474727e-07, 35.1619, 35.0927, 29.8752, 26.7533, 25.3805, 25.0471
10234971, 8.708888e-02, 2.605597e-01, 1.1870, 570103.8280, 1.214309e-01, 1.0082, 1.121949e-06, 36.9687, nan, 31.1450, 29.0157, 27.7894, 27.2008
5037471, 8.487276e-02, 2.624478e-01, 2.5639, 570229.6240, -1.593156e-02, 4.3776, 1.387968e-07, nan, 35.9955, 34.6420, nan, nan, 30.1902
6316469, 8.508533e-02, 2.624650e-01, 0.3884, 570273.1217, 4.732493e-01, -2.6700, 3.303719e-05, nan, nan, nan, nan, nan, nan
1731151, 8.708790e-02, 2.601147e-01, 0.9244, 570251.4288, -1.133361e-01, 4.0569, 1.755279e-06, nan, 50.3966, 52.3853, 50.4329, 49.9268, 50.0992
11546924, 8.712626e-02, 2.600743e-01, 1.3644, 570096.6112, 2.939020e-01, 1.5419, 6.552189e-07, 39.0839, nan, nan, 30.3685, 29.0293, 28.0601
10936135, 8.603245e-02, 2.613251e-01, 1.7930, 570121.3888, 1.810702e-01, 2.8303, 6.726142e-07, 43.5164, nan, nan, nan, 29.4653, 27.6807
4866640, 8.595454e-02, 2.615160e-01, 0.8410, 570108.1821, -3.311084e-02, -3.8254, 3.925692e-06, 30.0301, 26.6139, nan, 27.4224, 26.8215, 26.4100
4109192, 8.693522e-02, 2.594427e-01, 0.7852, 570139.2992, 1.528553e-01, 1.9692, 3.625638e-06, 34.3275, 31.3371, 26.7931, 25.2960, 24.7657, 24.1540
14706941, 8.589278e-02, 2.613942e-01, 1.7861, 570149.6568, -2.761401e-01, -3.9572, 5.545233e-07, nan, nan, 26.1721, 26.2354, nan, 28.2097
2271253, 8.640677e-02, 2.609002e-01, 1.2701, 570092.9624, -2.329804e-01, -3.7912, 1.584012e-06, 30.8988, 26.8642, 25.7571, nan, 27.7764, 28.0780
3939960, 8.648725e-02, 2.606328e-01, 1.6187, 570137.5739, 3.702954e-01, -2.4087, 7.408136e-07, 39.4654, 41.0072, nan, 32.0893, 29.8062, 28.2751
4507394, 8.562110e-02, 2.598706e-01, 1.8043, 570255.4075, 2.733665e-01, 0.0795, 3.537015e-07, nan, nan, nan, nan, nan, nan
6236156, 8.635023e-02, 2.611432e-01, 1.3623, 570128.6507, -4.586923e-02, -1.3040, 5.116221e-07, nan, 32.3400, 30.9503, 29.5793, 28.5147, 27.8005
11268353, 8.626103e-02, 2.611203e-01, 2.4938, 570081.9556, -1.296077e-01, -1.7392, 1.779395e-07, 36.8194, 33.5901, 32.9939, 29.5668, 29.0269, 29.9922
11976133, 8.530434e-02, 2.603090e-01, 2.1497, 570107.8171, -2.310940e-01, 3.4469, 2.270589e-07, 33.0068, 31.6738, nan, 28.4500, 32.9175, 30.3253
3083356, 8.527920e-02, 2.602009e-01, 1.4119, 570257.7202, -4.566816e-01, -0.6157, 5.373077e-07, nan, nan, nan, nan, nan, nan
4758680, 8.660876e-02, 2.605730e-01, 2.0998, 570117.6923, -6.140849e-02, 3.7510, 4.592120e-07, nan, nan, nan, nan, nan, 28.6264
3162803, 8.657032e-02, 2.600696e-01, 0.4373, 570092.7603, -2.383062e-01, -1.3441, 1.265486e-05, 26.2903, 27.1057, 25.9306, 25.2948, 25.1651, 25.5163
15894294, 8.482568e-02, 2.622177e-01, 1.2838, 570254.1194, 6.256820e-01, 0.7459, 1.192164e-06, nan, 62.1860, 58.6644, nan, nan, 51.5259
15657291, 8.957493e-02, 2.626166e-01, 2.5516, 570220.5856, -2.108159e-01, 0.0514, 1.144183e-07, 33.7506, 29.8508, 29.3965, 29.5937, 30.0408, 29.2693
7963142, 8.628672e-02, 2.611962e-01, 2.8331, 570134.5947, 7.696914e-02, -2.1407, 2.295197e-07, 42.5694, nan, nan, 35.2221, 32.7064, 31.7813
11916792, 8.682765e-02, 2.593047e-01, 2.2932, 570274.6671, -6.146956e-01, -2.2595, 3.069175e-07, nan, nan, nan, nan, nan, nan
14840917, 8.646263e-02, 2.602213e-01, 1.6530, 570114.9113, -5.539753e-02, 0.3360, 3.281543e-07, 34.8050, 33.8751, 32.6857, 31.1892, 29.8999, 28.6956
16222305, 8.663496e-02, 2.600759e-01, 0.4582, 570252.7835, -1.658188e-01, 7.5398, 1.171769e-05, 47.1621, 48.8759, 47.6895, 48.0448, 48.1547, 47.7752
13300722, 8.680214e-02, 2.594677e-01, 2.5529, 570264.8501, -5.782398e-01, 4.8422, 1.776835e-07, nan, nan, nan, 46.0776, 46.6281, 48.2064
12170800, 8.860296e-02, 2.609952e-01, 1.5010, 570102.2798, 9.954569e-02, 5.5942, 3.544175e-07, 38.6561, nan, nan, 31.2803, 29.1549, 28.5262
3874224, 8.863191e-02, 2.609085e-01, 0.3126, 570082.2405, 4.340950e-02, -4.8666, 3.892702e-05, 25.3842, 26.9946, 25.5403, 24.4798, 25.5018, 24.8957
9955934, 8.641226e-02, 2.594435e-01, 1.3293, 570246.4854, 1.989852e-01, 2.5597, 1.013763e-06, nan, 56.3939, 54.7189, 55.9133, nan, 50.4880
901821, 8.490032e-02, 2.621992e-01, 0.8191, 570193.4851, -2.605481e-01, -3.1083, 3.134910e-06, 23.8633, 24.1723, 25.3786, 24.3594, 24.8118, 24.8830
11976170, 8.916893e-02, 2.628036e-01, 2.0927, 570198.6095, -1.840533e-01, 1.7961, 4.068094e-07, 29.0345, 27.4682, 27.9367, 30.6021, 26.4508, 25.8193
12406692, 8.911492e-02, 2.628939e-01, 3.1181, 570194.7355, 5.023288e-02, -2.4784, 6.435863e-08, 42.1022, 36.5134, 34.4001, 33.3769, 32.4673, 33.8342
6436153, 8.821587e-02, 2.611891e-01, 1.2932, 570131.1805, -1.281142e-01, 4.4977, 1.195103e-06, nan, nan, nan, 27.0486, 26.0745, 25.7403
7320065, 8.479830e-02, 2.608840e-01, 1.3149, 570233.4656, 1.887218e-01, 2.1749, 7.187664e-07, nan, 56.7462, 55.1047, nan, nan, 50.9958
621316, 8.505071e-02, 2.620279e-01, 1.0344, 570274.3437, -2.685202e-01, 2.4428, 1.450761e-06, nan, 49.3107, 50.3670, nan, 50.2972, 50.5331
10797934, 8.489481e-02, 2.615558e-01, 2.7298, 570195.1752, 2.682724e-01, -2.2835, 1.612200e-07, 43.6057, 39.6657, 37.2851, 34.9865, 34.3020, 40.2538
15740257, 8.477305e-02, 2.609979e-01, 1.3804, 570094.2498, 6.137170e-01, -1.6286, 7.862046e-07, 39.0814, 38.9156, 33.6056, 31.9775, 29.5003, 28.3590
13424974, 8.475247e-02, 2.610674e-01, 1.0558, 570259.9385, 1.209192e-01, -0.4891, 1.387508e-06, nan, nan, nan, nan, nan, nan
12357221, 8.640223e-02, 2.598612e-01, 1.7172, 570181.8101, -4.939887e-02, -0.7370, 5.626180e-07, 31.0552, 29.9245, 29.6038, 27.5394, 26.2910, 25.5581
15369355, 8.496583e-02, 2.615926e-01, 1.2643, 570169.9652, -3.941897e-02, 3.3529, 8.070860e-07, 31.2602, 28.9786, 27.1267, 25.8874, 25.1371, 24.9771
8452729, 8.501070e-02, 2.615886e-01, 0.9444, 570133.8978, 5.955907e-01, 3.8585, 2.219292e-06, 34.7379, 34.4896, 28.9382, 26.2170, 25.2056, 24.7354
16477464, 8.481251e-02, 2.613321e-01, 2.2230, 570193.9301, 4.251374e-02, 0.8418, 1.966051e-07, 36.2973, 33.3096, 31.9652, 30.7961, 29.3446, 27.6196
5534899, 8.467424e-02, 2.614255e-01, 1.6665, 570198.4406, 1.737878e-02, -1.4945, 6.661214e-07, 32.1683, 30.6734, 28.8091, 27.8980, 26.3725, 26.2119
4636419, 8.943491e-02, 2.628750e-01, 1.2405, 570108.0566, 2.542702e-01, 1.3662, 2.157033e-06, 36.6021, nan, 31.6008, 28.4170, 27.1211, 26.3963
11459460, 8.594130e-02, 2.597717e-01, 1.0684, 570193.3914, -2.178855e-01, -0.4008, 1.627985e-06, 25.7501, 25.8875, 25.2877, 24.7152, 24.4901, 24.7048
2803519, 8.815697e-02, 2.609491e-01, 0.4773, 570105.0786, -2.075054e-01, -1.1838, 1.025024e-05, 27.2669, 27.2308, 26.2103, 25.5060, 25.2620, 25.4728
8696019, 8.641925e-02, 2.640485e-01, 0.5897, 570149.7743, 2.280941e-01, -2.6569, 7.520364e-06, 29.6501, 28.0429, 26.2753, 24.7845, 23.6240, 23.6072
12257332, 8.941571e-02, 2.628746e-01, 1.3121, 570124.0358, -3.799848e-01, 2.3827, 5.099347e-07, 27.1542, 29.9705, 27.1791, 28.3005, 27.4542, 27.1880
9260760, 8.635687e-02, 2.640507e-01, 0.7871, 570107.2226, 1.845460e-01, -4.4734, 3.937495e-06, 32.2654, 28.4329, nan, 27.4437, 27.0197, 26.1047
4461972, 8.725839e-02, 2.622120e-01, 0.1144, 570234.2146, 1.294810e-01, -2.9017, 3.162184e-04, nan, nan, nan, nan, nan, 46.0606
7419416, 8.910977e-02, 2.608988e-01, 0.3829, 570233.6911, -8.582583e-02, -0.1119, 1.885722e-05, nan, nan, 52.0779, 49.4460, 49.2873, 49.2918
6006251, 8.527824e-02, 2.616698e-01, 0.9898, 570256.5844, -2.968820e-01, -5.1840, 1.533063e-06, nan, nan, nan, 53.5989, nan, nan
12709241, 8.523197e-02, 2.615930e-01, 0.9932, 570226.9719, -1.086083e-01, 0.6029, 1.577608e-06, nan, 52.7981, nan, nan, 51.5964, 51.5447
8124234, 8.742557e-02, 2.620351e-01, 1.9727, 570260.1437, 2.892062e-01, -2.7549, 1.551465e-07, nan, nan, nan, nan, nan, nan
10846664, 8.738383e-02, 2.620329e-01, 2.0446, 570091.4752, -4.859501e-01, -2.6855, 1.873322e-07, 25.8565, 25.8901, 24.7468, 24.7901, 27.4043, 30.0777
1975652, 8.927204e-02, 2.610843e-01, 0.9048, 570249.1785, 3.708702e-01, -1.0575, 2.912366e-06, nan, nan, nan, nan, nan, 51.9204
3570452, 8.930455e-02, 2.610521e-01, 2.5717, 570236.8279, -2.165984e-01, -0.2196, 1.409669e-07, nan, nan, nan, nan, nan, nan
1308836, 8.519622e-02, 2.619254e-01, 0.4969, 570158.4569, -5.124725e-01, 1.1359, 1.171077e-05, 21.6573, 24.2001, 23.4011, 23.4403, 23.8072, 24.1908
16665499, 8.739263e-02, 2.616689e-01, 1.4405, 570229.8610, 6.571201e-01, -2.2210, 5.447598e-07, nan, nan, nan, nan, nan, nan
3352379, 8.896402e-02, 2.612307e-01, 0.4876, 570134.0366, 8.287823e-02, 0.3305, 9.916260e-06, nan, 27.3700, 25.4501, 24.4246, 23.8559, 23.6910
2616528, 8.914746e-02, 2.611853e-01, 1.3320, 570170.9305, -6.246614e-02, 3.1591, 4.766989e-07, 31.2217, 29.6318, 27.8799, 26.5924, 25.7723, 25.4346
1185081, 8.772073e-02, 2.618351e-01, 0.2127, 570235.4795, 2.296267e-01, 2.1104, 6.740369e-05, 48.8474, 48.6599, 47.0879, 46.6743, 46.9050, 46.5436
1172534, 8.922185e-02, 2.608447e-01, 0.6241, 570249.0312, 3.200375e-01, 1.2868, 8.178227e-06, 55.9645, 51.8972, nan, 49.3322, 49.3956, 48.9408
4339659, 8.917645e-02, 2.609577e-01, 0.6241, 570272.4384, -7.205282e-02, -2.0998, 4.996098e-06, nan, nan, nan, nan, 51.1218, nan
6072207, 8.918587e-02, 2.609064e-01, 0.6243, 570221.9054, -8.692540e-02, -1.1367, 5.678223e-06, nan, nan, nan, nan, 50.6927, 53.2887
2745746, 8.759109e-02, 2.616607e-01, 1.6836, 570126.7047, 3.249460e-01, 2.1003, 4.239370e-07, 39.4100, nan, nan, nan, 29.3301, 28.1138
13594393, 8.733732e-02, 2.618793e-01, 1.2629, 570085.8880, 1.074330e-01, 0.2547, 1.180606e-06, 37.4313, nan, nan, 29.4121, 28.0532, 27.6233
3821204, 8.739883e-02, 2.619005e-01, 1.1105, 570222.2549, -2.881002e-01, 0.0545, 1.403554e-06, nan, 39.0824, nan, 39.5507, nan, nan
13418230, 8.964821e-02, 2.614821e-01, 1.0651, 570112.6943, 7.091828e-02, -0.3544, 1.432985e-06, 35.7716, 32.0377, 30.0345, 28.1652, 27.3958, 26.7939
13045441, 8.978389e-02, 2.612248e-01, 1.6135, 570126.1125, 2.260658e-01, -0.9268, 5.076780e-07, 39.1343, 38.3801, 32.9470, 30.7843, 29.7664, 28.3404
7256793, 8.550002e-02, 2.633800e-01, 3.3749, 570115.4685, 2.726311e-02, 4.6956, 8.550920e-08, 42.5786, nan, nan, nan, 33.8343, 31.1605
14624815, 8.731983e-02, 2.610011e-01, 1.0596, 570278.3084, -1.525357e-01, 0.1259, 1.725093e-06, nan, nan, nan, nan, 52.6080, 52.5161
14149068, 8.736398e-02, 2.610250e-01, 1.1885, 570253.6184, -3.735755e-01, 0.8119, 2.128914e-06, nan, 49.6184, 50.0851, nan, 52.4569, 50.9707
15652968, 8.789732e-02, 2.608273e-01, 2.5555, 570270.1128, -3.337739e-01, 2.9244, 1.611470e-07, nan, nan, nan, 50.2322, 49.9906, 50.9282
12499082, 8.971820e-02, 2.613514e-01, 5.2653, 570255.3762, 1.697655e-01, 7.0897, 4.486514e-08, 48.8668, 49.1340, 45.1575, 40.9787, 39.1350, 38.2473
5959924, 8.739938e-02, 2.612716e-01, 0.7042, 570234.2500, -4.907441e-01, 0.1007, 5.348708e-06, nan, nan, nan, 51.9251, 50.8324, 51.0104
2683954, 8.884341e-02, 2.620159e-01, 1.1640, 570124.7920, 1.177739e-01, 0.6019, 1.317045e-06, 35.6476, nan, 30.4905, 28.2038, 26.8579, 26.4063
1811050, 8.740228e-02, 2.614394e-01, 1.8449, 570224.9982, 3.137984e-01, -2.2958, 4.638715e-07, nan, nan, nan, nan, nan, 30.0253
8956164, 8.542665e-02, 2.636184e-01, 1.5823, 570279.9604, -3.366500e-01, 3.3471, 6.858009e-07, nan, nan, 48.5190, 50.1839, nan, nan
13343347, 8.535144e-02, 2.635922e-01, 1.7443, 570182.6229, -2.656526e-01, -3.6846, 3.110848e-07, 26.5343, 26.4383, nan, nan, 26.8285, 25.9724
5338499, 8.791084e-02, 2.609784e-01, 1.7531, 570264.9201, -2.224476e-01, -2.8016, 7.217544e-07, nan, nan, nan, nan, nan, 50.8833
427637, 8.824501e-02, 2.642007e-01, 1.8726, 570110.6275, 2.815733e-01, -2.9598, 5.126777e-07, 41.2963, 39.9824, 37.1413, nan, 30.7462, 33.0483
7848080, 8.540895e-02, 2.626379e-01, 0.5322, 570190.5900, -1.449417e-01, 0.1909, 8.356943e-06, 26.0499, 23.8776, 23.1899, 23.3183, 23.4361, 23.5734
11501263, 8.777292e-02, 2.611711e-01, 1.0066, 570138.3744, -3.262770e-01, -0.1448, 1.220020e-06, nan, 30.0594, 27.9219, 26.8796, 26.4990, 26.1382
14447850, 8.941043e-02, 2.616703e-01, 1.8475, 570084.2406, 1.729693e-01, -0.7592, 8.036275e-07, 39.5002, 38.6393, 33.7961, 31.0822, 31.2174, 29.3833
8374504, 8.734662e-02, 2.639777e-01, 2.4614, 570146.8693, 3.631941e-02, -1.5718, 1.386917e-07, 41.0010, nan, nan, 32.5905, 31.1885, 30.6286
11536927, 8.895857e-02, 2.618611e-01, 4.3904, 570204.9530, -4.375001e-01, -1.8095, 3.833663e-08, 32.6104, 29.4973, 24.5370, 23.5103, 24.0810, 24.5793
8517656, 8.536068e-02, 2.630898e-01, 1.0773, 570213.6794, 2.807309e-01, 2.0435, 1.341060e-06, 37.3754, 32.6800, 29.3065, nan, 27.3693, 27.5736
2206720, 8.958326e-02, 2.614724e-01, 1.2770, 570180.8944, 1.377850e-01, 0.4752, 6.024967e-07, 33.9458, 32.1311, 28.6659, 26.4657, 25.5292, 25.1821
14919348, 8.522158e-02, 2.627920e-01, 0.5158, 570150.5956, 4.928140e-03, 0.4850, 1.105731e-05, nan, 26.2884, 24.3903, 23.5881, 23.3252, 23.3946
2299439, 8.740769e-02, 2.642755e-01, 1.6404, 570214.0368, 1.597706e-01, -2.6428, 3.438015e-07, 38.4403, 34.7786, 30.6788, nan, 30.6965, nan
5735984, 8.726404e-02, 2.643908e-01, 2.1501, 570174.6448, -1.912065e-02, 0.1853, 3.962506e-07, 34.1599, 31.5871, 30.5724, 29.8461, 28.1690, 26.9586
3470207, 8.730267e-02, 2.642904e-01, 0.7593, 570244.0369, -1.004579e-01, 0.6151, 5.222268e-06, 54.2260, 51.8432, nan, 50.6081, 50.3017, 50.3232
16259139, 8.917724e-02, 2.612592e-01, 3.3344, 570229.7247, 7.003866e-01, 1.6892, 5.246985e-08, nan, nan, nan, 47.2935, nan, nan
6269853, 8.736902e-02, 2.643946e-01, 4.4463, 570135.9587, -3.185840e-01, 2.0795, 4.135894e-08, 38.5635, 36.0831, 30.9810, 29.4937, 29.5612, 29.9505
3639842, 8.952444e-02, 2.609973e-01, 0.6374, 570254.4542, -4.941826e-02, 2.3500, 8.341437e-06, 50.6907, 49.4951, nan, 48.7889, 49.5681, 49.0067
10010542, 8.874199e-02, 2.606476e-01, 1.3070, 570248.9912, 6.680941e-01, 2.4946, 9.522440e-07, nan, 61.4660, 58.2973, nan, nan, 50.5793
684688, 8.873889e-02, 2.606262e-01, 1.2661, 570209.1317, 1.077118e-01, 2.7493, 9.099897e-07, 34.6862, nan, 29.0424, 27.1491, 26.0653, 25.8382
4117263, 8.569129e-02, 2.633020e-01, 0.8075, 570225.7933, 2.427156e-01, -2.9372, 1.912127e-06, nan, nan, nan, nan, nan, 51.7641
16633752, 8.944876e-02, 2.612589e-01, 2.4506, 570176.7177, -1.321108e-01, 2.1913, 1.621129e-07, 33.8078, 30.1725, 29.5590, 29.6613, 29.1111, 27.8283
14675458, 8.501133e-02, 2.632346e-01, 1.3071, 570140.8963, -5.907665e-02, 1.9595, 1.164397e-06, nan, nan, nan, 27.0815, 26.0027, 25.5818
10395273, 8.555750e-02, 2.631467e-01, 0.2916, 570096.9112, 1.803481e-01, -6.4028, 3.438221e-05, 26.4172, 27.1718, 26.5978, 25.2565, nan, 26.1561
14488641, 8.878766e-02, 2.604000e-01, 1.9909, 570131.2766, -6.547054e-02, 0.8758, 1.893173e-07, nan, nan, nan, nan, 32.1163, 28.8741
2850673, 8.630948e-02, 2.631066e-01, 2.2042, 570084.9544, 2.445265e-01, 4.2985, 1.684110e-07, nan, 42.3254, nan, nan, nan, 31.4532
6062661, 8.891229e-02, 2.623384e-01, 2.3345, 570279.2861, -2.124097e-03, -1.3926, 2.609247e-07, nan, nan, nan, nan, nan, nan
208363, 8.878175e-02, 2.602707e-01, 0.5383, 570203.0289, 5.864269e-02, 2.7417, 8.393695e-06, nan, 26.9702, 25.0710, 24.8342, 24.9132, 24.9165
6261221, 8.619728e-02, 2.632417e-01, 0.4609, 570118.3891, -2.472021e-01, 4.5425, 1.318260e-05, nan, nan, 25.0017, 24.4442, 24.0865, 24.1767
17063308, 8.603342e-02, 2.631688e-01, 1.7508, 570129.9803, 3.381109e-01, 3.4474, 3.919690e-07, 39.5975, 39.5903, nan, nan, 29.3486, 28.0241
6691289, 8.866534e-02, 2.605742e-01, 0.5487, 570094.7443, -3.426186e-03, -1.7625, 6.047083e-06, 30.2523, 28.7849, 27.1064, 26.2665, 25.5473, 25.6289
11273750, 8.785715e-02, 2.642511e-01, 0.6325, 570197.9054, 1.540507e-02, 0.9184, 5.343693e-06, nan, 26.0664, 24.3916, 24.2039, 24.2116, 24.2718
3986577, 8.601534e-02, 2.632379e-01, 1.5003, 570176.1301, -3.457494e-02, -4.2798, 4.315536e-07, 31.6034, 30.2963, 29.2250, 28.2125, 26.5129, 25.8072
7908569, 8.604551e-02, 2.634623e-01, 0.8997, 570119.1538, -1.123992e-01, -3.8942, 1.765709e-06, 30.5568, 27.0325, nan, 27.8588, 28.5161, 28.2382
3295192, 8.599895e-02, 2.634395e-01, 3.1109, 570130.8130, 9.614467e-02, -3.7079, 9.989730e-08, 44.4079, nan, nan, nan, 34.2904, 33.1056
928787, 8.915433e-02, 2.622712e-01, 0.6850, 570181.6011, 2.236711e-01, -0.7104, 2.581061e-06, 31.8053, 27.2339, 24.5746, 23.9615, 23.9531, 23.7432
9639600, 8.870104e-02, 2.604899e-01, 2.4328, 570264.9560, 2.445641e-01, -0.5233, 2.080247e-07, nan, nan, nan, nan, nan, nan
17166398, 8.539633e-02, 2.632646e-01, 2.4631, 570155.9763, 2.297581e-01, 2.1014, 1.149920e-07, 42.0309, 40.5626, 38.4055, 34.8887, 32.8726, 31.1457
12563852, 8.953057e-02, 2.619315e-01, 2.8728, 570116.8067, 2.390360e-01, 1.2896, 1.833161e-07, nan, nan, nan, nan, 37.5069, 35.2094
8907270, 8.752539e-02, 2.605806e-01, 0.8843, 570132.9268, -5.468997e-01, -0.4396, 3.561887e-06, 22.7284, 24.4094, 26.3278, 25.9708, 25.6819, 25.5066
16397139, 8.759752e-02, 2.606665e-01, 1.6073, 570220.7323, -1.563392e-01, -4.7570, 5.694617e-07, nan, nan, nan, nan, nan, nan
4198093, 8.788465e-02, 2.640850e-01, 1.9043, 570153.5003, -1.855290e-02, 3.6654, 3.296355e-07, 37.5252, 35.9769, nan, nan, 27.7128, 26.8282
14376718, 8.783381e-02, 2.602979e-01, 2.3315, 570267.9628, 1.613824e-01, -2.5077, 2.579661e-07, nan, nan, nan, nan, nan, nan
1678102, 8.799751e-02, 2.602666e-01, 1.8449, 570122.7791, 1.899702e-02, 0.1148, 3.357874e-07, nan, nan, nan, nan, 29.7514, 28.9353
6700621, 8.797338e-02, 2.607891e-01, 2.2202, 570089.3311, -1.169613e-01, -3.6631, 1.825813e-07, 35.6892, 33.7434, 30.6699, 28.4859, 29.1542, 30.3523
4415618, 8.931370e-02, 2.620093e-01, 1.0359, 570227.2348, -9.580223e-02, 0.5854, 1.516749e-06, nan, 53.0494, 53.4792, nan, 51.6013, 51.7441
17185217, 8.692515e-02, 2.642216e-01, 3.1836, 570168.6948, -4.776546e-01, 0.5449, 1.028667e-07, 31.1875, 23.5002, 22.6857, 23.7018, 24.6673, 25.5934
3822832, 8.591843e-02, 2.626788e-01, 1.1290, 570245.8037, 1.115426e-01, -0.7062, 2.014962e-06, nan, nan, nan, nan, nan, nan
14533406, 8.706357e-02, 2.642113e-01, 2.4672, 570141.5669, -3.194475e-01, -5.2186, 1.813256e-07, nan, nan, nan, 26.3683, 26.2728, 26.7268
10999929, 8.706681e-02, 2.640910e-01, 0.4467, 570104.9738, 8.506069e-02, 3.2703, 1.285352e-05, nan, 27.1169, 25.3279, 24.4393, 24.0767, 24.1037
3524573, 8.927602e-02, 2.621317e-01, 1.8860, 570203.5058, 8.666526e-02, -3.4291, 3.029304e-07, 35.6109, 33.5536, 29.9168, 29.4154, nan, 27.6603
5429602, 8.705170e-02, 2.624318e-01, 1.1908, 570246.2169, 6.540426e-02, -2.0300, 6.987919e-07, nan, nan, nan, nan, nan, nan
6884754, 8.689398e-02, 2.624317e-01, 2.4449, 570100.6957, -1.659890e-01, 1.0969, 2.601442e-07, 35.9479, 32.9175, 32.5605, 31.9717, 29.4083, nan
3863000, 8.881126e-02, 2.599115e-01, 1.2565, 570159.3213, -4.017555e-01, 4.1513, 1.079289e-06, 27.4656, nan, nan, 24.8222, 24.8031, 24.7023
14938223, 8.647253e-02, 2.627509e-01, 2.1884, 570087.4383, 6.782127e-02, 0.9106, 3.301612e-07, 40.5408, 37.3550, nan, nan, nan, 30.3964
3847220, 8.655068e-02, 2.627536e-01, 1.1754, 570186.0451, -1.996794e-02, 4.0882, 6.534132e-07, 30.8485, 28.6429, 26.4680, 25.6690, 25.0928, 25.1936
7689455, 8.875283e-02, 2.598149e-01, 1.6015, 570131.0536, -3.516464e-02, 3.1782, 4.691593e-07, nan, nan, nan, nan, 27.7513, 27.1139
12440001, 8.676479e-02, 2.624922e-01, 1.6139, 570255.9021, -1.213377e-02, -2.2057, 5.542279e-07, nan, nan, nan, nan, nan, nan
2204128, 8.639566e-02, 2.630239e-01, 0.3661, 570267.9245, -2.418910e-01, -0.3069, 1.700141e-05, nan, nan, nan, 49.8682, 49.6973, 49.8323
9623295, 8.816530e-02, 2.601853e-01, 1.0240, 570102.0385, -3.358391e-01, 2.2730, 1.449293e-06, 29.0694, nan, nan, 27.6855, 27.1804, 26.7902
15993841, 8.717383e-02, 2.623262e-01, 2.2535, 570210.4363, 1.052204e-01, 2.9998, 2.075866e-07, 38.8473, 35.2649, nan, nan, 33.1639, 27.8851
2686991, 8.709552e-02, 2.623246e-01, 1.2086, 570134.7157, 7.853697e-02, 2.2125, 1.518992e-06, nan, nan, nan, 27.1247, 25.9744, 25.6307
15835839, 8.854963e-02, 2.600431e-01, 0.3416, 570160.2426, 3.393137e-01, -3.0243, 1.586933e-05, 30.9378, 26.3065, 23.7091, 22.7215, 22.3994, 22.6508
11470004, 8.855324e-02, 2.600788e-01, 1.0414, 570214.3836, 4.228488e-01, -1.7484, 2.694395e-06, nan, nan, nan, nan, nan, nan
13752878, 8.704909e-02, 2.622696e-01, 2.1981, 570197.4304, -3.393991e-01, 3.6176, 2.670764e-07, 25.9388, 24.4463, 25.4808, nan, 26.0270, 25.2775
6679631, 8.663458e-02, 2.622128e-01, 2.3115, 570199.0547, 4.170621e-01, -3.0161, 1.452746e-07, 42.2275, 41.5017, 38.2129, 35.1534, 33.7222, 31.1557
1839430, 8.822910e-02, 2.606230e-01, 1.1038, 570156.7557, 1.886870e-01, -0.2522, 1.269069e-06, 35.0788, 34.4534, 28.8699, 26.4056, 25.3405, 25.0611
11455812, 8.683360e-02, 2.621936e-01, 3.4950, 570091.1788, 4.099142e-02, 2.2944, 6.874493e-08, nan, nan, nan, nan, nan, nan
12166619, 8.814615e-02, 2.604202e-01, 1.3978, 570088.7985, -4.492574e-02, -0.5244, 9.514462e-07, 35.4818, 32.3631, 29.7319, 29.9728, 28.6769, 27.9021
2741812, 8.698528e-02, 2.620459e-01, 0.9243, 570245.6590, -6.830206e-02, 0.0478, 2.279394e-06, nan, nan, nan, nan, 52.5752, 51.4733
10701810, 8.595798e-02, 2.621118e-01, 3.0955, 570091.4003, 2.627323e-01, 2.3928, 1.735190e-07, nan, nan, nan, nan, nan, nan
8400437, 8.865644e-02, 2.638395e-01, 1.4642, 570274.7877, 1.843589e-01, 3.6829, 8.712551e-07, nan, 56.8386, 53.7300, 51.4789, nan, 51.6385
11397366, 8.639147e-02, 2.618597e-01, 3.2153, 570084.0711, 2.060079e-03, 5.1770, 9.857186e-08, 43.7845, 39.6352, 37.6732, 36.8522, nan, 32.5072
9479892, 8.843027e-02, 2.635048e-01, 1.9667, 570239.3096, -9.947131e-02, -1.3053, 2.028792e-07, 48.2951, nan, 41.5188, 42.4025, 39.9299, 39.4431
15896314, 8.837969e-02, 2.637409e-01, 1.2751, 570249.2926, -2.455372e-01, -5.4011, 8.520048e-07, nan, nan, nan, nan, nan, nan
17273249, 8.639979e-02, 2.621079e-01, 2.9497, 570216.5807, 1.452591e-01, -0.6911, 2.024004e-07, 41.4925, 37.6696, 35.5029, 33.7975, 31.7043, 30.9203
691722, 8.637354e-02, 2.621460e-01, 0.2874, 570174.2915, -4.263126e-01, -2.5469, 5.005895e-05, nan, 21.5770, 21.4680, 21.8143, 22.1360, 22.6632
11334544, 8.813052e-02, 2.599477e-01, 1.4698, 570129.2585, -4.068271e-01, -4.6909, 7.656296e-07, nan, 24.6858, 23.8579, 26.3371, nan, nan
2725359, 8.807864e-02, 2.598464e-01, 0.3092, 570169.4114, -3.466898e-01, 4.9153, 3.211373e-05, 24.6812, 21.7104, 21.7997, 22.0226, 22.6443, 23.0689
1085049, 8.875134e-02, 2.634438e-01, 0.5849, 570202.6759, 4.857272e-01, -1.1915, 7.823194e-06, 33.5968, 30.3428, 27.4584, 26.0309, 25.1672, 25.1115
15805930, 8.632927e-02, 2.621979e-01, 1.3849, 570141.8752, -1.023537e-01, -3.6249, 6.966312e-07, nan, nan, nan, 32.4583, 29.5970, nan
16380880, 8.995161e-02, 2.617494e-01, 1.1146, 570155.9139, 4.270938e-02, 4.2036, 1.153558e-06, 35.6960, nan, 27.4710, 25.8952, 24.7629, 24.8195
16158526, 8.609990e-02, 2.620762e-01, 2.5260, 570098.1290, -6.603864e-02, -2.2153, 2.529926e-07, 39.2031, 35.1697, 34.3186, 33.6155, nan, nan
4866495, 8.805492e-02, 2.597538e-01, 0.8328, 570252.6572, 6.959975e-02, -0.1821, 3.212290e-06, nan, nan, nan, nan, 53.1533, 50.7831
3023301, 8.693690e-02, 2.611151e-01, 0.9201, 570197.2900, -5.423955e-01, -0.6412, 2.656142e-06, 19.9325, 21.2867, 24.1034, 24.4965, 24.7409, 25.0532
631872, 8.807023e-02, 2.595184e-01, 0.1334, 570204.5752, 4.098628e-01, -1.2537, 2.035698e-04, nan, nan, 48.9522, 46.8178, nan, nan
9702454, 8.700524e-02, 2.614845e-01, 0.9303, 570201.5087, -9.306007e-02, 0.1495, 3.508280e-06, 28.3925, 28.0211, 25.5498, 24.7381, 24.6761, 24.7894
8598815, 8.796084e-02, 2.631770e-01, 1.3016, 570247.6937, -2.742375e-01, 7.5381, 7.435396e-07, nan, 49.0890, 49.1000, 50.2422, 52.6238, 49.5640
8857941, 8.800628e-02, 2.632343e-01, 1.2496, 570169.2980, 3.963760e-02, -0.9650, 1.133863e-06, 32.5522, 33.5597, 28.7664, 26.1636, 25.0509, 24.7396
942066, 8.792642e-02, 2.632614e-01, 1.0203, 570143.9529, -3.076956e-01, -0.3818, 9.705582e-07, nan, 27.9005, 27.7991, 26.9230, 26.5081, 26.1384
7160803, 8.715328e-02, 2.613797e-01, 1.4754, 570205.9585, -3.692279e-01, 1.6287, 6.479621e-07, 24.0594, nan, nan, 25.4443, 25.7948, 25.5684
6005225, 8.797313e-02, 2.633822e-01, 0.6518, 570228.0798, 1.412752e-01, 2.5782, 2.696085e-06, 54.3742, 51.3859, nan, 49.8291, 50.5743, 49.8860
510847, 8.831502e-02, 2.595510e-01, 0.5506, 570148.8066, -2.252391e-01, -1.3259, 8.731153e-06, 24.8493, 25.7122, 25.2288, 24.5054, 23.8836, 24.1186
10921622, 8.676406e-02, 2.615617e-01, 1.7869, 570233.0732, -9.943793e-02, -0.5578, 6.540785e-07, nan, nan, nan, nan, nan, nan
8818930, 8.795969e-02, 2.638570e-01, 0.3370, 570269.8336, 2.921239e-02, 0.3535, 2.152000e-05, nan, nan, 49.4824, 49.0778, 48.6285, 48.8846
12616440, 8.669206e-02, 2.615276e-01, 0.8803, 570181.0871, 6.211008e-01, -4.0569, 1.709196e-06, 33.4399, 32.3760, 26.6099, 24.6533, 24.1584, 23.9663
14154948, 8.665468e-02, 2.614332e-01, 1.1663, 570124.7894, 1.788687e-01, 3.9770, 9.930161e-07, 36.1494, nan, 31.7492, 28.0517, 26.6595, 26.1784
6193526, 8.803129e-02, 2.636600e-01, 3.4854, 570087.4011, -1.097146e-01, 3.7877, 4.265667e-08, nan, nan, nan, nan, nan, nan
843930, 8.693491e-02, 2.614161e-01, 0.3052, 570214.8912, 5.519592e-02, 4.1458, 3.078685e-05, 49.3573, 49.1065, 47.2108, 47.6341, 46.9730, 47.9219
14244469, 8.706476e-02, 2.612785e-01, 0.2774, 570244.5485, -3.686173e-01, -1.2359, 6.588621e-05, nan, nan, nan, 49.1254, 50.7765, nan
8120554, 8.703325e-02, 2.613160e-01, 1.8989, 570245.1931, 1.351125e-01, 0.2291, 2.792773e-07, nan, nan, nan, 58.7476, nan, nan
2381602, 8.766389e-02, 2.637924e-01, 0.9263, 570138.1925, 1.383355e-01, 0.8589, 1.949609e-06, 35.3798, nan, 28.2497, 26.3698, 25.6560, 25.3225
2787506, 8.766522e-02, 2.637218e-01, 1.5381, 570202.3528, -2.273193e-01, 2.5099, 6.706397e-07, 26.7682, nan, nan, 25.6047, 25.5154, 25.2023
4897362, 8.769298e-02, 2.635250e-01, 0.7773, 570124.2347, 6.100690e-02, 1.0753, 4.476351e-06, nan, nan, 27.3766, 25.9146, 25.2427, 24.5178
8786539, 8.741620e-02, 2.602295e-01, 1.2243, 570200.5096, -1.644176e-02, 3.5593, 1.630947e-06, 30.3675, nan, 26.5121, 25.0111, 24.3758, 24.4825
7648503, 8.660099e-02, 2.615974e-01, 0.2809, 570235.4255, -1.849914e-01, 0.3194, 4.702510e-05, 51.4283, nan, 48.7111, 48.4817, 48.1933, 49.1722
10071292, 8.650539e-02, 2.618223e-01, 0.3760, 570202.3906, -4.206476e-01, -0.5872, 2.122926e-05, nan, nan, nan, 26.6050, 26.7256, 26.8956
5918577, 8.710861e-02, 2.616236e-01, 0.4490, 570192.8643, -9.954857e-02, -0.1006, 1.614088e-05, 25.6694, 23.6078, 22.8292, 23.0510, 23.1436, 23.1557
6017716, 8.699344e-02, 2.616104e-01, 2.4737, 570083.5799, -5.104596e-01, -1.5772, 2.484334e-07, 26.1506, 24.1246, 25.3278, 24.0045, 24.8188, 27.0924
7237164, 8.876839e-02, 2.630909e-01, 3.1798, 570255.5254, 3.138860e-02, -0.6606, 1.993246e-07, nan, nan, nan, nan, nan, nan
4555379, 8.748688e-02, 2.593429e-01, 1.1555, 570137.5671, -1.389109e-01, 1.4815, 2.448493e-06, nan, nan, nan, 26.2678, 25.2922, 25.0573
3942218, 8.732277e-02, 2.595308e-01, 0.2957, 570205.1462, -5.644642e-02, 5.4159, 2.696715e-05, 28.9066, 29.1930, 27.9285, 28.5151, 27.7704, 28.7060
11512523, 8.732821e-02, 2.594163e-01, 1.2888, 570167.7469, 1.081840e-02, -1.8202, 1.047323e-06, 32.3487, nan, 32.8415, 26.6038, 25.3531, 24.8939
922262, 8.829760e-02, 2.630931e-01, 0.4184, 570269.5914, 1.652823e-01, -1.1564, 1.288011e-05, nan, nan, nan, 50.3590, 50.1277, 51.5804
9717817, 8.680733e-02, 2.616182e-01, 0.9826, 570186.6865, 3.738387e-01, -0.0844, 2.222721e-06, 33.2077, 31.6423, 26.3170, 24.4401, 23.9793, 23.9844
4208144, 8.766553e-02, 2.595799e-01, 1.9914, 570217.5158, 1.648938e-01, 2.0330, 3.349152e-07, 38.8331, 36.5831, nan, nan, 28.9121, 28.1401
10705978, 8.776213e-02, 2.593446e-01, 0.8686, 570191.5356, -2.772764e-01, 2.6735, 2.579702e-06, 24.5721, 26.5444, 23.8994, 23.8678, 24.0350, 24.2772
16425115, 8.848869e-02, 2.629141e-01, 2.0709, 570250.4958, -3.351985e-01, -4.5645, 3.309709e-07, nan, nan, nan, nan, nan, nan
13723205, 8.828193e-02, 2.632394e-01, 1.6368, 570154.2664, 3.106939e-01, -5.7936, 4.642737e-07, nan, 37.6805, 32.2051, nan, nan, 27.8108
3481737, 8.825965e-02, 2.631970e-01, 2.0023, 570197.9178, 4.737720e-01, 4.0728, 3.270601e-07, 38.7752, 38.7728, nan, 34.7561, 29.2161, 27.8165
12588675, 8.807703e-02, 2.634313e-01, 2.7111, 570213.8751, 4.678855e-01, 2.0690, 1.158592e-07, nan, nan, 41.8477, nan, nan, nan
11428845, 8.762475e-02, 2.594404e-01, 0.9817, 570238.0212, 2.687974e-02, 2.0262, 2.796844e-06, nan, 52.0554, 51.9497, nan, 49.8889, 49.8154
13251302, 8.859201e-02, 2.631211e-01, 1.8955, 570188.1868, -2.930686e-01, -1.7609, 2.982187e-07, 26.1766, 25.7988, 26.5691, nan, 26.3614, 25.9367
2371522, 8.855678e-02, 2.631233e-01, 2.1949, 570108.1893, -3.858067e-01, 0.1821, 1.943934e-07, 30.1211, 29.1277, 30.1114, 30.4138, 31.6439, 29.4374
16674886, 8.748140e-02, 2.595578e-01, 1.4094, 570217.9499, -2.054797e-01, 4.1542, 1.103382e-06, nan, 27.9333, 26.8015, 26.5314, nan, 26.9254
16078783, 8.834647e-02, 2.635024e-01, 2.0385, 570105.8133, 1.363837e-01, -0.2318, 3.238313e-07, 40.3576, 38.1572, 35.8626, nan, 32.0348, 30.5457
5863392, 8.821227e-02, 2.634272e-01, 0.6725, 570131.1714, -3.373316e-01, -0.5601, 4.784928e-06, 25.1967, 26.1601, 26.5230, 25.9183, 25.3903, 25.0747
1508687, 8.816047e-02, 2.634566e-01, 1.3049, 570125.3703, 3.487673e-01, 1.8606, 8.527619e-07, 37.2513, 36.7168, nan, 29.3249, 27.4246, 26.7665
1232987, 8.568213e-02, 2.638285e-01, 1.0906, 570215.9013, -1.683322e-01, -2.0120, 1.949520e-06, nan, nan, nan, 30.9263, nan, nan
13106666, 8.573495e-02, 2.637988e-01, 2.1699, 570272.5771, 2.502455e-02, 4.2457, 3.108471e-07, nan, nan, 55.4831, 53.0301, 53.3231, 51.5316
9663394, 8.798559e-02, 2.598099e-01, 2.3879, 570088.7969, -9.159528e-02, 0.5006, 2.976644e-07, 36.6311, 33.5781, 32.8662, nan, nan, 30.9554
10420966, 8.790438e-02, 2.599217e-01, 1.6478, 570109.2479, 1.100898e-01, -1.1656, 4.598613e-07, 37.8832, 35.6212, 31.8637, 31.0290, 30.7107, 28.9619
11431301, 8.765665e-02, 2.600014e-01, 1.0153, 570114.1597, -9.944391e-02, 1.5180, 1.737887e-06, 32.7576, nan, 29.6428, 27.4004, 26.7871, 26.2210
10135324, 8.766560e-02, 2.598659e-01, 1.1060, 570194.3858, -3.721072e-01, -3.3689, 1.904840e-06, 22.5245, 22.5028, 25.1289, 25.1782, 24.5220, 24.9765
8508314, 8.638143e-02, 2.632486e-01, 1.0751, 570138.8049, 2.485381e-01, -4.1398, 1.404387e-06, 37.9069, 30.3721, 29.3493, nan, 29.3393, 27.2999
7816184, 8.885866e-02, 2.606169e-01, 0.5946, 570211.4874, -8.326514e-02, 3.1121, 6.262153e-06, 32.3132, 32.1543, 33.4406, 31.6310, 32.2865, 31.9288
11295557, 8.619608e-02, 2.637472e-01, 1.4125, 570174.7740, 1.528270e-01, -1.8820, 6.647616e-07, 34.7321, 32.8503, 30.2429, 27.5925, 26.0353, 25.1686
689529, 8.889633e-02, 2.605520e-01, 1.1212, 570171.3136, -1.274659e-01, 4.5098, 1.402309e-06, 28.7465, 26.7175, 25.5622, 24.9095, 24.3507, 24.4621
8287768, 8.616896e-02, 2.637395e-01, 2.4030, 570217.8560, 1.693185e-01, 2.1267, 1.701967e-07, nan, 37.7780, 35.8901, nan, nan, 29.5727
3607803, 8.720621e-02, 2.624594e-01, 2.4235, 570104.5028, 1.397764e-02, -1.3921, 2.388910e-07, 42.5256, nan, nan, 33.3964, nan, 30.7259
425919, 8.719677e-02, 2.630110e-01, 0.3827, 570228.2913, -5.262084e-01, -4.2095, 2.788164e-05, nan, nan, nan, nan, nan, nan
16693968, 8.659353e-02, 2.630876e-01, 3.5659, 570127.5267, 1.362688e-01, 4.4262, 8.743292e-08, nan, nan, nan, nan, nan, nan
11384541, 8.889081e-02, 2.599834e-01, 3.2238, 570168.7475, 4.564686e-01, 3.6392, 6.605184e-08, 48.5734, 47.5173, 43.9544, 41.4602, 39.6779, 37.6028
7196049, 8.679248e-02, 2.636424e-01, 1.3863, 570273.6670, 1.387301e-01, -1.7071, 1.107447e-06, nan, nan, nan, nan, nan, nan
1077079, 8.668867e-02, 2.637436e-01, 0.5319, 570239.6682, -1.071058e-01, -0.9956, 6.058196e-06, nan, nan, nan, nan, 51.7068, 50.7938
3371418, 8.673753e-02, 2.637250e-01, 2.1426, 570230.5344, 7.585901e-02, 4.3330, 2.315014e-07, 39.4735, 40.5269, 33.3393, 30.9226, 31.1050, 28.7107
13016890, 8.714501e-02, 2.634454e-01, 0.8931, 570207.9678, -1.293370e-01, -2.0469, 1.898720e-06, 30.8683, 30.7033, nan, nan, nan, 28.2950
4576207, 8.685720e-02, 2.631619e-01, 1.2077, 570126.4840, -4.484802e-04, -2.8439, 1.139975e-06, 34.2975, nan, 31.6320, 29.5448, 28.0583, 27.5971
11401708, 8.645060e-02, 2.637366e-01, 3.1877, 570097.4927, 2.340524e-01, 2.9720, 1.113808e-07, nan, nan, nan, nan, nan, nan
10706195, 8.653416e-02, 2.631841e-01, 2.3147, 570279.8116, 4.874142e-01, 0.8011, 2.333815e-07, 68.1583, nan, nan, 61.2284, 58.9050, 57.1711
3278856, 8.895264e-02, 2.599819e-01, 1.0756, 570139.2848, 4.064531e-01, 1.6404, 1.430405e-06, 35.6684, nan, 30.0767, 27.0625, 25.9479, 25.3217
4362787, 8.652846e-02, 2.633608e-01, 1.4542, 570237.1676, 3.532989e-01, -1.3283, 4.535363e-07, nan, nan, nan, nan, nan, nan
5671455, 8.679972e-02, 2.631773e-01, 2.3230, 570086.4267, 2.099795e-01, 5.0504, 2.394921e-07, nan, 41.2741, nan, nan, nan, 33.2586
4713005, 8.881981e-02, 2.611613e-01, 1.5604, 570183.7566, -5.785797e-01, -1.8215, 6.375855e-07, 18.2664, 20.0320, 25.5379, 24.5146, 24.5906, 24.8872
11881202, 8.876028e-02, 2.615000e-01, 2.2716, 570263.8672, 3.561334e-01, 0.3885, 2.691713e-07, nan, nan, nan, 60.4039, 59.0726, 58.2938
13322827, 8.869872e-02, 2.613798e-01, 2.4725, 570110.0449, -1.848872e-01, 0.4698, 2.143243e-07, nan, nan, nan, nan, nan, nan
8528773, 8.864379e-02, 2.614017e-01, 0.1727, 570179.8891, -2.291788e-01, -3.6216, 1.098393e-04, 21.7514, 20.4172, 20.6438, 20.8258, 21.3185, 21.6320
8924502, 8.870200e-02, 2.614384e-01, 1.6846, 570277.2372, 3.477984e-01, -1.2979, 6.241101e-07, nan, nan, nan, nan, nan, nan
5000765, 8.822363e-02, 2.614817e-01, 0.4554, 570240.4155, 4.137887e-02, 4.3248, 1.273324e-05, 49.8134, 51.7664, 48.1761, 48.3225, 48.2788, 47.7719
8486267, 8.844483e-02, 2.613998e-01, 1.0612, 570109.5930, -9.917392e-02, 0.6084, 9.941055e-07, 33.6478, nan, 30.5321, 28.3291, 27.6811, 27.1396
11273515, 8.834318e-02, 2.623082e-01, 0.6307, 570081.6257, 2.794106e-01, -1.5616, 1.417538e-05, 32.9633, 29.8530, 26.4874, 25.3635, 24.4711, 24.1797
1046867, 8.858665e-02, 2.620997e-01, 1.6714, 570173.4627, 4.302507e-01, -5.2107, 4.639482e-07, 37.8851, 37.6226, 34.8194, 32.7289, 28.7077, 26.7730
16655879, 8.744417e-02, 2.623155e-01, 2.4288, 570185.4084, -3.640932e-01, -5.5190, 2.675886e-07, 26.7823, 24.0441, 24.5659, nan, nan, nan
5469586, 8.750843e-02, 2.621534e-01, 1.2960, 570179.8818, -2.477253e-01, -1.8530, 1.234407e-06, 25.4781, 25.8973, 26.1659, 25.1090, 24.5920, 24.3370
6427779, 8.788794e-02, 2.619266e-01, 1.7433, 570164.4890, -2.440489e-01, 0.0629, 6.014145e-07, 27.8003, 27.5815, 27.7838, 27.1894, 26.3679, 25.7548
13669959, 8.795347e-02, 2.618918e-01, 1.5322, 570148.0843, 1.955439e-01, -7.9728, 7.985328e-07, nan, nan, nan, nan, nan, nan
11446976, 8.801312e-02, 2.622697e-01, 1.0754, 570107.6565, -2.096174e-02, 1.0078, 1.367938e-06, 34.7889, nan, 31.0199, 28.1360, 27.3202, 26.7669
556559, 8.771312e-02, 2.620629e-01, 1.9907, 570132.2515, 9.445037e-02, 1.9981, 2.590779e-07, nan, nan, 34.3496, 32.2102, 32.0024, 28.6819
15044493, 8.818043e-02, 2.619964e-01, 1.8071, 570082.5965, -2.511744e-01, -0.1153, 2.561597e-07, 32.1732, 31.9469, 31.1570, 30.4317, 30.1074, 29.6995
13378172, 8.824683e-02, 2.620966e-01, 0.2011, 570272.0394, 2.197640e-01, 0.3476, 7.552383e-05, 52.8163, nan, 47.8100, 47.2566, 47.2718, nan
10704448, 8.816860e-02, 2.615803e-01, 0.9041, 570268.4695, -1.175989e-01, -2.6730, 1.783369e-06, nan, nan, nan, nan, nan, nan
12614008, 8.808152e-02, 2.618538e-01, 0.8711, 570231.2940, 1.578193e-01, -4.5951, 1.659264e-06, nan, nan, nan, nan, nan, nan
13621204, 8.861345e-02, 2.616182e-01, 3.6508, 570140.6297, 1.431061e-01, -0.0621, 1.039318e-07, 47.1702, 44.2298, 40.2751, 38.8373, 37.7577, 36.7974
4101631, 8.861710e-02, 2.616639e-01, 0.8243, 570130.2787, -2.178463e-01, 0.4698, 2.841490e-06, 30.5434, nan, 27.3389, 26.2990, 25.6979, 25.3137
3499492, 8.857550e-02, 2.617454e-01, 0.8491, 570253.7203, -1.403005e-01, 1.2106, 1.810444e-06, nan, 51.7824, nan, 51.5133, 51.1461, 51.2673
13230384, 8.827812e-02, 2.619294e-01, 1.8523, 570269.3874, 1.184907e-02, 2.8452, 3.839144e-07, nan, nan, 54.0492, 53.1922, 51.8996, nan
8167494, 8.765489e-02, 2.623410e-01, 0.7080, 570126.2517, 2.293687e-01, -3.1054, 4.665621e-06, 31.8644, 29.7973, 27.5245, 26.9475, 26.3099, 25.3257
377871, 8.739740e-02, 2.627850e-01, 0.9479, 570099.0081, 3.300906e-01, 3.8264, 1.711577e-06, 36.1565, nan, 29.2173, 27.6167, 26.7383, 26.2540
4259484, 8.755271e-02, 2.626234e-01, 0.6951, 570192.9263, 1.288102e-01, 0.6437, 5.373515e-06, 31.1547, 26.1471, 23.9763, 23.5687, 23.5985, 23.5217
15418081, 8.763535e-02, 2.623940e-01, 1.6143, 570116.1548, 6.459186e-02, -1.5163, 1.029587e-06, 36.2446, 34.3624, nan, 30.1344, 29.4542, 27.9100
11263628, 8.854583e-02, 2.624282e-01, 2.3892, 570208.5940, 1.524285e-01, 4.0303, 1.529444e-07, 41.1197, 36.6517, 34.9354, nan, nan, 28.7757
9812796, 8.809238e-02, 2.630116e-01, 1.7517, 570234.3752, 7.329002e-01, -0.4609, 8.844967e-07, nan, nan, nan, nan, nan, nan
3629976, 8.729546e-02, 2.636211e-01, 0.9750, 570150.7966, -4.875590e-01, -4.8535, 1.752181e-06, nan, nan, 28.7727, nan, 27.3844, 25.8869
12309188, 8.753011e-02, 2.634938e-01, 3.7874, 570128.8429, -2.491495e-01, 1.9580, 7.108225e-08, nan, nan, nan, nan, nan, nan
3173144, 8.736342e-02, 2.631700e-01, 1.7921, 570150.5096, 2.443904e-01, -3.9757, 2.935145e-07, 40.7390, nan, 33.2427, 30.9958, nan, 29.3265
11822270, 8.788973e-02, 2.630543e-01, 0.2309, 570091.6197, -5.100164e-01, -3.3062, 6.681812e-05, 21.7361, 24.8652, 24.3268, 24.3558, 25.3731, 25.4581
2740612, 8.772695e-02, 2.630704e-01, 1.1222, 570094.1331, -3.928252e-01, -0.0864, 1.173551e-06, 28.0892, 28.3104, 28.2431, 28.3224, 27.6725, 27.4794
11441108, 8.773853e-02, 2.630850e-01, 3.5734, 570155.3502, 2.259210e-01, 1.0130, 1.037171e-07, 45.9751, 43.7485, 39.8519, 38.3448, 36.8471, 35.0052
7937563, 8.803123e-02, 2.627710e-01, 0.7627, 570111.1431, -1.881264e-01, 4.5472, 3.217494e-06, nan, nan, 26.8641, 26.2432, 25.7676, 25.1658
14610723, 8.759507e-02, 2.628424e-01, 0.9563, 570192.9884, -7.336227e-02, 1.3401, 1.483306e-06, 28.5329, 29.1272, 25.3852, 24.6299, 24.6548, 24.7985
13175779, 8.754793e-02, 2.630978e-01, 0.7980, 570090.6546, -2.502602e-02, 5.3933, 3.616150e-06, nan, nan, 27.1568, 26.4377, 25.7633, 25.2988
13989468, 8.752099e-02, 2.629691e-01, 4.7053, 570091.1823, -3.666582e-01, 2.6837, 4.703795e-08, nan, nan, nan, nan, nan, nan
1606599, 8.799990e-02, 2.624535e-01, 2.2363, 570261.5314, 2.934303e-01, 3.0737, 3.967172e-07, 64.3551, nan, 60.1923, 56.3695, 55.2878, 53.0628
8506381, 8.791720e-02, 2.625565e-01, 1.0755, 570224.2525, 2.941352e-03, 2.2431, 1.241984e-06, nan, 52.7112, 51.4550, nan, 50.5084, 50.9173
8417951, 8.774473e-02, 2.627929e-01, 4.6716, 570235.2899, -1.924721e-01, -0.1670, 4.116604e-08, 39.1066, 38.9290, 32.2988, 30.1399, 29.7896, 29.7641
4472125, 8.782462e-02, 2.627983e-01, 1.3380, 570097.4008, 3.949062e-01, -7.3400, 7.270013e-07, 38.4714, 35.6123, 30.6671, nan, 29.3531, 30.6429
