#snid, snra, sndec, z, t0, c, x1, x0, mag_u, mag_g, mag_r, mag_i, mag_z, mag_y
2045958, 8.533871e-02, 2.607300e-01, 1.9977, 570089.8790, 5.355234e-02, -3.6435, 2.740560e-07, 38.9500, 36.7037, 33.8652, nan, 30.4716, 31.5231
7263698, 8.575438e-02, 2.610334e-01, 3.5136, 570097.4849, 4.346194e-01, 3.3698, 1.084526e-07, 48.6989, 49.4638, nan, nan, 43.3051, 37.2769
12137579, 8.574557e-02, 2.609581e-01, 0.6338, 570091.4656, -2.087904e-01, -1.9916, 9.658791e-06, 25.8315, 25.7275, 26.3500, 25.8269, 25.2176, 25.2933
101379, 8.586001e-02, 2.608611e-01, 0.4179, 570236.2527, -2.209909e-01, 1.6359, 1.385815e-05, 48.2593, nan, 48.9149, 49.1729, 49.2859, 48.8325
17357122, 8.548443e-02, 2.606276e-01, 2.5711, 570233.6168, 3.961262e-02, -0.5245, 1.570125e-07, nan, nan, nan, nan, nan, nan
9202044, 8.578756e-02, 2.609514e-01, 2.2909, 570075.0486, 2.474262e-01, 0.9735, 2.259141e-07, 44.7759, 41.2628, nan, nan, nan, 32.2569
7194718, 8.614067e-02, 2.608921e-01, 1.4113, 570146.8280, 7.072162e-02, -4.6059, 8.681438e-07, 34.3469, nan, nan, 30.8183, 26.8254, 25.4304
15953230, 8.515362e-02, 2.607274e-01, 0.2338, 570138.3565, 6.388533e-01, 0.2007, 5.350494e-05, 27.8986, 23.4963, 21.6460, 20.9277, 21.0899, 21.1026
3353584, 8.508039e-02, 2.606621e-01, 2.0790, 570240.3132, -2.170236e-01, 4.4783, 3.123972e-07, nan, nan, 51.4292, 50.2205, 52.0371, 50.3373
6065274, 8.584370e-02, 2.612235e-01, 0.6203, 570158.2482, -2.207928e-01, -0.5361, 6.699608e-06, 25.2174, 24.3959, 23.1995, 23.1706, 23.2604, 23.3859
6197349, 8.529076e-02, 2.605332e-01, 1.0468, 570228.8672, 2.991030e-02, -0.1135, 1.697759e-06, nan, nan, nan, nan, 54.5288, 53.7630
13528742, 8.572480e-02, 2.604360e-01, 1.1066, 570148.8763, -2.844646e-01, -0.7448, 1.484562e-06, 26.4341, nan, 26.4228, 25.1740, 24.5938, 24.6370
2442775, 8.573487e-02, 2.605085e-01, 3.0565, 570131.1740, -1.608110e-01, -1.6251, 1.521728e-07, 39.6816, 32.9249, 31.4513, 31.3085, nan, nan
12221542, 8.898240e-02, 2.635316e-01, 3.4655, 570248.6627, -3.613803e-01, -0.2162, 4.969586e-08, nan, nan, nan, nan, nan, nan
10342097, 8.896703e-02, 2.607238e-01, 1.1275, 570117.6414, -5.517173e-01, 5.7414, 1.317762e-06, nan, nan, nan, 25.7647, 25.3560, 25.3846
15816490, 8.908595e-02, 2.605999e-01, 1.2994, 570159.3817, 1.517792e-01, 3.7115, 1.129015e-06, 33.5907, 32.3732, 28.1049, 25.7942, 24.8848, 24.5227
45616, 8.534903e-02, 2.609907e-01, 0.5016, 570132.2989, 9.148908e-02, 2.7805, 6.602829e-06, nan, 26.6194, 24.5406, 23.7865, 23.7558, 23.7998
16310453, 8.570951e-02, 2.605275e-01, 1.8089, 570131.8574, -3.931438e-01, -5.1409, 3.743292e-07, nan, nan, 24.7500, 25.2473, nan, nan
7010511, 8.569354e-02, 2.638673e-01, 0.6865, 570100.8358, -1.543436e-01, -0.7837, 1.056480e-05, 27.7601, 26.7574, 26.0938, 25.4164, 24.8832, 24.4497
8481405, 8.582894e-02, 2.639030e-01, 1.0233, 570183.9928, 3.242840e-01, 4.7105, 1.291082e-06, 34.0916, nan, 27.2507, 25.2924, 24.8982, 24.6644
3507936, 8.634686e-02, 2.603437e-01, 0.8662, 570065.1132, -9.295503e-02, -1.3341, 3.000379e-06, 32.4732, 28.4664, 29.5991, 27.4881, 26.8856, 26.4905
6425989, 8.953957e-02, 2.604068e-01, 0.3384, 570194.4992, 5.301086e-01, -1.1888, 2.848746e-05, nan, nan, nan, 49.6098, 48.6238, 48.1478
16574467, 8.487367e-02, 2.612660e-01, 1.9944, 570146.8390, -1.499786e-01, -5.2141, 3.303388e-07, 31.2462, 29.8437, nan, nan, nan, 28.4872
5830763, 8.562269e-02, 2.613770e-01, 2.8756, 570180.6081, 5.273409e-02, -0.1654, 1.735891e-07, 40.1772, 34.7212, 33.0591, 31.8921, 31.1066, 30.7425
12684012, 8.629696e-02, 2.639783e-01, 2.6112, 570109.0222, -6.387793e-01, -1.5505, 1.280293e-07, nan, nan, nan, nan, nan, nan
1893271, 8.618244e-02, 2.600732e-01, 1.6996, 570211.5496, 6.857524e-02, 1.5418, 3.966961e-07, 43.9738, 40.1834, 33.5158, 33.0537, 31.5266, nan
17081836, 8.944301e-02, 2.632862e-01, 2.1173, 570139.3507, 2.558385e-01, 4.4156, 2.474468e-07, 39.4060, 38.8767, 35.4293, 32.5255, 30.3331, 28.1777
3672602, 8.635593e-02, 2.602747e-01, 1.4364, 570156.9855, -5.860795e-01, -2.1242, 6.885860e-07, 18.6494, 20.5459, 23.2856, 24.8556, 25.0194, 24.8585
7817980, 8.632466e-02, 2.607879e-01, 0.5876, 570078.4318, 1.801572e-02, -1.1153, 6.926067e-06, 31.0412, 28.8392, 26.9530, 26.0775, 25.3349, 25.2654
6642785, 8.487233e-02, 2.609397e-01, 0.5162, 570248.5580, 3.414018e-02, -0.2072, 1.405003e-05, nan, nan, nan, 50.4657, 49.8110, 49.1822
7300361, 8.615598e-02, 2.638981e-01, 3.3820, 570155.5615, -3.265923e-01, 0.4793, 1.073909e-07, 34.5034, 27.5815, 25.7770, 26.0718, 26.4512, 27.0850
4517009, 8.495448e-02, 2.609818e-01, 0.3664, 570156.9991, 5.190028e-01, 0.6055, 2.452073e-05, 28.7589, 23.2520, 21.8227, 21.2762, 21.1277, 21.3982
4445519, 8.518349e-02, 2.612944e-01, 1.4626, 570173.8037, 1.288973e-01, -0.8554, 7.945640e-07, 33.8190, 31.8076, 30.1176, 26.9280, 25.7938, 25.0987
3014102, 8.518210e-02, 2.615199e-01, 0.9873, 570115.2551, -7.982119e-01, -0.1440, 1.635279e-06, 18.8573, 22.3253, 26.1419, 26.3619, 26.2829, 26.2689
12597716, 8.939700e-02, 2.607343e-01, 2.0245, 570258.7521, 8.046560e-02, -6.5438, 4.038674e-07, nan, nan, nan, nan, nan, nan
4188292, 8.651178e-02, 2.608644e-01, 1.7869, 570104.5379, -4.537999e-01, 0.6423, 4.405831e-07, nan, nan, nan, nan, 27.8049, 27.6159
8277490, 8.652553e-02, 2.608568e-01, 2.4477, 570222.1344, 1.414436e-01, 0.6823, 2.155726e-07, 43.8001, nan, nan, 35.2974, 33.7143, nan
2279785, 8.493931e-02, 2.610566e-01, 1.1003, 570206.1172, -7.362969e-02, 1.8983, 1.276589e-06, nan, 52.1101, 51.3849, nan, 50.6629, 51.1505
13067087, 8.502174e-02, 2.608630e-01, 1.5686, 570160.1359, 4.462592e-02, -0.2851, 6.454789e-07, 32.8950, 31.3964, 29.9931, 27.3183, 26.0485, 25.4181
2817638, 8.635024e-02, 2.604599e-01, 0.5017, 570086.8176, 6.160631e-02, -2.1084, 1.476040e-05, 29.2536, 28.0624, 26.0988, 25.1315, 24.6041, 24.7216
16484622, 8.608676e-02, 2.607337e-01, 2.3599, 570247.4406, 1.476910e-01, -1.1800, 2.174380e-07, nan, nan, nan, nan, nan, nan
13926415, 8.513366e-02, 2.609316e-01, 2.4608, 570094.3072, -2.723738e-01, 2.2499, 2.622674e-07, nan, nan, nan, nan, nan, nan
3887673, 8.935108e-02, 2.606968e-01, 0.3123, 570256.2284, 2.357219e-01, 4.6991, 2.892105e-05, 50.7803, 49.4069, 47.0501, 47.3365, 46.6499, 47.5763
331975, 8.611692e-02, 2.606486e-01, 0.8593, 570098.0137, -3.313707e-01, 0.9160, 2.789860e-06, nan, nan, 27.1375, 26.7967, 26.2072, 25.8990
17040958, 8.608780e-02, 2.605016e-01, 3.4322, 570228.9859, 1.870527e-02, 0.0210, 7.118635e-08, 46.9074, nan, 40.6419, 39.1361, 37.6720, 35.9671
5726771, 8.549200e-02, 2.612139e-01, 0.8754, 570143.5813, 4.026724e-01, -3.4163, 2.126629e-06, 34.3254, 31.0939, 28.3862, 25.6015, 24.7811, 24.3008
15352105, 8.671758e-02, 2.611568e-01, 3.9480, 570079.1464, -2.760000e-01, -3.7681, 6.690866e-08, nan, nan, nan, nan, nan, nan
10155700, 8.907952e-02, 2.624292e-01, 1.1468, 570083.8227, 2.934688e-01, 2.9835, 1.312529e-06, 37.1039, nan, 30.3492, 29.0431, 27.4196, 26.7287
13616161, 8.537415e-02, 2.622440e-01, 3.7774, 570254.6506, 1.044637e-02, -3.4384, 7.594849e-08, nan, nan, nan, nan, nan, nan
2036979, 8.600642e-02, 2.641022e-01, 1.8419, 570078.7730, 1.434379e-01, 2.4764, 5.752324e-07, 40.1875, 37.6141, nan, nan, 30.0475, 29.2562
14299627, 8.588032e-02, 2.640253e-01, 0.5053, 570170.1674, 2.658891e-01, -5.1042, 8.459972e-06, 29.7331, 26.0049, 23.5613, 23.4720, 23.0734, 22.6173
10094272, 8.718700e-02, 2.595779e-01, 0.3774, 570213.5196, 2.930207e-01, -0.9939, 1.526003e-05, nan, nan, nan, 49.9145, 49.4433, 49.5759
7419099, 8.600030e-02, 2.640825e-01, 1.2852, 570154.8226, 2.570270e-01, -1.3942, 8.035588e-07, 35.0998, 34.0700, 29.9882, 26.9803, 25.5410, 24.9920
10236177, 8.717805e-02, 2.638910e-01, 0.3333, 570194.0449, 3.267919e-01, -1.4364, 3.348049e-05, nan, nan, nan, 50.1211, 49.3157, 48.4566
3331209, 8.705100e-02, 2.639797e-01, 1.5452, 570190.9621, -4.050978e-02, -0.3172, 6.432936e-07, 32.0029, 30.4970, 29.0263, 28.2852, 27.0863, 26.6145
156051, 8.578443e-02, 2.621624e-01, 0.1552, 570199.5883, 1.124126e-01, -1.2414, 9.135630e-05, nan, nan, 50.4715, 48.6056, nan, nan
9695094, 8.573728e-02, 2.620459e-01, 0.9398, 570248.2730, 2.572400e-01, -2.6662, 1.490039e-06, nan, nan, nan, nan, nan, nan
7253194, 8.932303e-02, 2.626019e-01, 0.9883, 570176.1446, 2.854436e-01, -5.4925, 1.728164e-06, 34.0127, 30.0440, 27.5577, 27.2701, 25.2327, 25.5776
4519282, 8.923195e-02, 2.623808e-01, 1.8576, 570241.4995, -1.463841e-01, 1.1978, 2.976660e-07, nan, nan, 53.3964, 52.9844, 52.8183, nan
7220831, 8.567151e-02, 2.621294e-01, 3.2777, 570193.3489, -4.762186e-01, 5.9902, 1.036851e-07, 31.0293, 23.0578, 22.0480, 23.0156, nan, nan
12429071, 8.511385e-02, 2.622849e-01, 1.6506, 570082.8682, -1.541734e-01, 1.4276, 4.395351e-07, 32.8037, 35.1360, nan, nan, 29.5868, 28.5801
2561031, 8.536483e-02, 2.600166e-01, 1.4986, 570256.0919, 1.577406e-01, 1.2540, 8.899644e-07, nan, 58.3583, 54.6582, 52.9119, nan, 54.7608
13498792, 8.572311e-02, 2.616105e-01, 1.7529, 570162.2298, 5.437685e-01, -2.6718, 5.156676e-07, 37.8677, 37.7779, 37.2247, 31.5277, 28.5068, 26.6296
15131771, 8.515662e-02, 2.621975e-01, 2.4539, 570078.4618, 3.226191e-01, 2.4732, 2.582717e-07, 44.2408, 42.9788, 40.6714, 41.7475, 33.3098, nan
2673376, 8.890548e-02, 2.630002e-01, 1.1322, 570118.7914, 1.663724e-01, 5.8424, 1.369737e-06, 35.5477, nan, nan, 26.6939, 25.4181, 25.0861
9780061, 8.665447e-02, 2.599213e-01, 1.4135, 570210.3020, -3.414941e-01, -1.0391, 8.707463e-07, nan, 37.9407, 37.9082, 37.3143, nan, nan
13930732, 8.656579e-02, 2.599824e-01, 0.9892, 570166.9558, -3.581027e-02, -4.0445, 2.273082e-06, 28.9753, nan, 25.5307, 24.3449, 23.9377, 24.2081
14315752, 8.679163e-02, 2.597874e-01, 2.1497, 570160.2152, -1.249066e-01, 3.2500, 2.870255e-07, 31.6160, 29.4675, 29.1167, 28.6221, 27.3892, 26.3493
15666728, 8.685705e-02, 2.599382e-01, 2.6894, 570190.9976, 2.060199e-01, -2.4083, 1.870656e-07, 41.0231, 38.1148, 36.0058, 32.8735, 31.2215, 30.9141
1555401, 8.671987e-02, 2.600179e-01, 1.0776, 570133.3370, 5.916375e-01, -3.7238, 1.525868e-06, 36.3420, nan, nan, 28.4047, 27.2995, 25.4526
5037471, 8.487276e-02, 2.624478e-01, 2.5639, 570229.6240, -1.593156e-02, 4.3776, 1.387968e-07, 42.7201, nan, nan, 34.0245, 32.8560, 33.0367
13927232, 8.628429e-02, 2.616778e-01, 2.4602, 570153.2368, 1.810587e-01, -2.5620, 1.727917e-07, 41.1339, 37.5420, 35.5119, 33.7624, 32.4562, 30.5129
16663476, 8.619253e-02, 2.617759e-01, 1.4341, 570178.9647, 3.004332e-01, -1.1788, 4.211114e-07, 36.4663, 34.5527, 31.8063, 28.3530, 27.1356, 26.0547
13818104, 8.891088e-02, 2.627046e-01, 2.0783, 570183.9041, -4.461245e-01, -0.2209, 5.085016e-07, 22.1085, 21.5920, 22.8004, 24.4514, 25.0388, 25.0761
9565925, 8.546066e-02, 2.620510e-01, 0.7192, 570111.5816, -3.534575e-01, 5.1285, 4.287588e-06, nan, nan, 26.0912, 25.1062, 24.7739, 24.3387
7189319, 8.914963e-02, 2.625729e-01, 1.4908, 570234.7952, 2.906985e-02, 1.0341, 4.512919e-07, nan, 57.8519, 54.3907, 53.5022, nan, nan
14569271, 8.667003e-02, 2.639117e-01, 1.4608, 570153.5986, 1.033074e-01, 2.1526, 7.419982e-07, 34.0786, 32.2965, 29.7343, 27.0431, 25.7459, 25.1211
4109192, 8.693522e-02, 2.594427e-01, 0.7852, 570139.2992, 1.528553e-01, 1.9692, 3.625638e-06, 32.8026, 29.2425, 25.5371, 24.1456, 24.0723, 23.7400
3849243, 8.608863e-02, 2.615425e-01, 1.2214, 570175.1527, 4.602906e-01, 1.1460, 7.474727e-07, 35.0943, 35.2890, 29.4135, 26.6007, 25.3841, 25.1864
4670374, 8.906795e-02, 2.626305e-01, 1.6600, 570150.8860, 1.734387e-01, 2.0145, 5.745585e-07, 35.9761, 34.4841, 31.2214, 28.4699, 27.0171, 25.8404
12975384, 8.678285e-02, 2.605085e-01, 0.3333, 570258.6009, 4.389266e-01, -1.5807, 3.708872e-05, nan, nan, nan, 50.5484, 49.4446, 48.1943
4507394, 8.562110e-02, 2.598706e-01, 1.8043, 570255.4075, 2.733665e-01, 0.0795, 3.537015e-07, nan, nan, nan, nan, nan, nan
10936135, 8.603245e-02, 2.613251e-01, 1.7930, 570121.3888, 1.810702e-01, 2.8303, 6.726142e-07, 38.2365, nan, 31.7230, 31.7679, 27.8851, 27.1387
4866640, 8.595454e-02, 2.615160e-01, 0.8410, 570108.1821, -3.311084e-02, -3.8254, 3.925692e-06, 29.1668, 26.9097, 28.5597, 27.6025, 27.6945, 26.4556
11976133, 8.530434e-02, 2.603090e-01, 2.1497, 570107.8171, -2.310940e-01, 3.4469, 2.270589e-07, nan, nan, nan, nan, nan, 28.4021
3083356, 8.527920e-02, 2.602009e-01, 1.4119, 570257.7202, -4.566816e-01, -0.6157, 5.373077e-07, nan, nan, nan, nan, nan, nan
15894294, 8.482568e-02, 2.622177e-01, 1.2838, 570254.1194, 6.256820e-01, 0.7459, 1.192164e-06, nan, 62.1860, 58.6644, nan, nan, 51.5259
14706941, 8.589278e-02, 2.613942e-01, 1.7861, 570149.6568, -2.761401e-01, -3.9572, 5.545233e-07, 26.7344, 26.5425, nan, nan, 29.1860, 26.1827
2271253, 8.640677e-02, 2.609002e-01, 1.2701, 570092.9624, -2.329804e-01, -3.7912, 1.584012e-06, 29.8916, 25.9374, 25.9526, 30.2345, 27.7609, 28.4886
5179639, 8.689282e-02, 2.603857e-01, 0.1945, 570186.2360, -5.922522e-03, 3.5542, 7.571355e-05, 47.1053, 47.9939, 46.6817, 46.5344, 47.3128, 46.3099
6236156, 8.635023e-02, 2.611432e-01, 1.3623, 570128.6507, -4.586923e-02, -1.3040, 5.116221e-07, nan, nan, nan, 29.1040, 27.5074, 26.9107
17026390, 8.713202e-02, 2.602441e-01, 1.3812, 570258.8600, -1.685681e-02, 1.5444, 7.790860e-07, nan, 54.8153, 53.2154, 52.4911, nan, 51.6282
5806714, 8.714677e-02, 2.602884e-01, 2.0252, 570109.1510, 2.746034e-01, 3.2098, 1.807784e-07, 44.0059, nan, nan, nan, nan, 29.5936
9955934, 8.641226e-02, 2.594435e-01, 1.3293, 570246.4854, 1.989852e-01, 2.5597, 1.013763e-06, nan, 56.3939, 54.7189, 55.9133, nan, 50.4880
11268353, 8.626103e-02, 2.611203e-01, 2.4938, 570081.9556, -1.296077e-01, -1.7392, 1.779395e-07, 37.8237, 34.3322, 33.7893, 33.1326, nan, 31.4289
10234971, 8.708888e-02, 2.605597e-01, 1.1870, 570103.8280, 1.214309e-01, 1.0082, 1.121949e-06, 35.9397, nan, 30.9402, 28.4910, 27.1144, 26.6448
7963142, 8.628672e-02, 2.611962e-01, 2.8331, 570134.5947, 7.696914e-02, -2.1407, 2.295197e-07, nan, 37.4410, 35.6430, nan, nan, nan
15657291, 8.957493e-02, 2.626166e-01, 2.5516, 570220.5856, -2.108159e-01, 0.0514, 1.144183e-07, 41.1374, nan, nan, 34.5975, 33.5977, nan
901821, 8.490032e-02, 2.621992e-01, 0.8191, 570193.4851, -2.605481e-01, -3.1083, 3.134910e-06, nan, nan, nan, nan, nan, 29.3279
1731151, 8.708790e-02, 2.601147e-01, 0.9244, 570251.4288, -1.133361e-01, 4.0569, 1.755279e-06, nan, 50.3966, 52.3853, 50.4329, 49.9268, 50.0992
11546924, 8.712626e-02, 2.600743e-01, 1.3644, 570096.6112, 2.939020e-01, 1.5419, 6.552189e-07, 38.1727, nan, nan, 30.3943, 28.4863, 27.4738
12357221, 8.640223e-02, 2.598612e-01, 1.7172, 570181.8101, -4.939887e-02, -0.7370, 5.626180e-07, 30.9609, 29.8392, 28.5190, 27.7339, 26.5188, 26.0723
7320065, 8.479830e-02, 2.608840e-01, 1.3149, 570233.4656, 1.887218e-01, 2.1749, 7.187664e-07, nan, 56.7462, 55.1047, nan, nan, 50.9958
10797934, 8.489481e-02, 2.615558e-01, 2.7298, 570195.1752, 2.682724e-01, -2.2835, 1.612200e-07, 41.9018, 40.0053, 37.7114, 34.0579, 31.9883, 31.4468
12170800, 8.860296e-02, 2.609952e-01, 1.5010, 570102.2798, 9.954569e-02, 5.5942, 3.544175e-07, 37.4082, nan, 30.7782, nan, 28.3068, 27.4787
3874224, 8.863191e-02, 2.609085e-01, 0.3126, 570082.2405, 4.340950e-02, -4.8666, 3.892702e-05, 25.3842, 26.9946, 25.5403, 24.4798, 25.5018, 24.8957
15740257, 8.477305e-02, 2.609979e-01, 1.3804, 570094.2498, 6.137170e-01, -1.6286, 7.862046e-07, 39.0510, 38.4357, 34.5235, 32.1229, 29.2358, 28.1300
13424974, 8.475247e-02, 2.610674e-01, 1.0558, 570259.9385, 1.209192e-01, -0.4891, 1.387508e-06, nan, nan, nan, nan, nan, nan
6436153, 8.821587e-02, 2.611891e-01, 1.2932, 570131.1805, -1.281142e-01, 4.4977, 1.195103e-06, nan, 28.0099, 27.4230, 25.8643, 25.1417, 24.8034
3677901, 8.805353e-02, 2.612732e-01, 1.5058, 570071.8321, 2.964883e-01, -3.1873, 7.258589e-07, 40.7226, 36.4306, 31.6176, nan, 30.0167, 28.5374
15369355, 8.496583e-02, 2.615926e-01, 1.2643, 570169.9652, -3.941897e-02, 3.3529, 8.070860e-07, 30.2415, 28.8512, 26.5996, 25.4360, 24.8920, 24.8837
8452729, 8.501070e-02, 2.615886e-01, 0.9444, 570133.8978, 5.955907e-01, 3.8585, 2.219292e-06, 33.8297, 35.1703, 27.7331, 25.0711, 24.3722, 24.2458
3939960, 8.648725e-02, 2.606328e-01, 1.6187, 570137.5739, 3.702954e-01, -2.4087, 7.408136e-07, 37.8853, 37.4887, 33.2311, 31.7648, 28.8080, 26.6120
11459460, 8.594130e-02, 2.597717e-01, 1.0684, 570193.3914, -2.178855e-01, -0.4008, 1.627985e-06, 32.1862, nan, nan, 29.1114, 28.1686, 28.0732
11976170, 8.916893e-02, 2.628036e-01, 2.0927, 570198.6095, -1.840533e-01, 1.7961, 4.068094e-07, 30.8350, 29.0120, nan, nan, 27.3520, 26.5591
12406692, 8.911492e-02, 2.628939e-01, 3.1181, 570194.7355, 5.023288e-02, -2.4784, 6.435863e-08, 41.0171, 36.6909, 34.5816, 33.5276, 31.1439, 30.3854
16477464, 8.481251e-02, 2.613321e-01, 2.2230, 570193.9301, 4.251374e-02, 0.8418, 1.966051e-07, 37.1849, 34.0771, 34.2708, nan, 30.4181, 28.2979
5534899, 8.467424e-02, 2.614255e-01, 1.6665, 570198.4406, 1.737878e-02, -1.4945, 6.661214e-07, 35.0519, 32.9864, 29.4984, nan, nan, 28.9082
16402094, 8.530472e-02, 2.617520e-01, 0.2693, 570066.6265, -1.986941e-01, 0.1049, 2.969862e-05, 30.1122, 25.5546, 24.5170, 24.0580, 24.4191, 24.3165
4758680, 8.660876e-02, 2.605730e-01, 2.0998, 570117.6923, -6.140849e-02, 3.7510, 4.592120e-07, nan, nan, 30.2433, 27.9788, nan, 27.1107
3162803, 8.657032e-02, 2.600696e-01, 0.4373, 570092.7603, -2.383062e-01, -1.3441, 1.265486e-05, 25.7822, 27.0528, 25.8738, 25.2515, 25.1435, 25.3979
6006251, 8.527824e-02, 2.616698e-01, 0.9898, 570256.5844, -2.968820e-01, -5.1840, 1.533063e-06, nan, nan, nan, 53.5989, nan, nan
12709241, 8.523197e-02, 2.615930e-01, 0.9932, 570226.9719, -1.086083e-01, 0.6029, 1.577608e-06, nan, 52.7981, nan, nan, 51.5964, 51.5447
2803519, 8.815697e-02, 2.609491e-01, 0.4773, 570105.0786, -2.075054e-01, -1.1838, 1.025024e-05, 26.0177, 26.6293, 25.8577, 25.2479, 25.0561, 24.9642
14840917, 8.646263e-02, 2.602213e-01, 1.6530, 570114.9113, -5.539753e-02, 0.3360, 3.281543e-07, nan, nan, nan, nan, 28.7259, 28.0114
16222305, 8.663496e-02, 2.600759e-01, 0.4582, 570252.7835, -1.658188e-01, 7.5398, 1.171769e-05, 47.1621, 48.8759, 47.6895, 48.0448, 48.1547, 47.7752
8696019, 8.641925e-02, 2.640485e-01, 0.5897, 570149.7743, 2.280941e-01, -2.6569, 7.520364e-06, 32.2785, 27.3392, 24.0183, 23.2996, 22.9674, 23.0133
4636419, 8.943491e-02, 2.628750e-01, 1.2405, 570108.0566, 2.542702e-01, 1.3662, 2.157033e-06, 36.0024, 34.5182, 31.2406, 27.8491, 26.2700, 25.7982
1308836, 8.519622e-02, 2.619254e-01, 0.4969, 570158.4569, -5.124725e-01, 1.1359, 1.171077e-05, 21.4814, 22.2821, 22.4934, 22.9142, 23.1869, 23.5812
12257332, 8.941571e-02, 2.628746e-01, 1.3121, 570124.0358, -3.799848e-01, 2.3827, 5.099347e-07, nan, nan, nan, 27.0053, 26.5323, 26.2833
7419416, 8.910977e-02, 2.608988e-01, 0.3829, 570233.6911, -8.582583e-02, -0.1119, 1.885722e-05, nan, nan, 52.0779, 49.4460, 49.2873, 49.2918
9260760, 8.635687e-02, 2.640507e-01, 0.7871, 570107.2226, 1.845460e-01, -4.4734, 3.937495e-06, 31.6838, 28.8381, 28.7353, 27.9124, nan, 26.2859
4461972, 8.725839e-02, 2.622120e-01, 0.1144, 570234.2146, 1.294810e-01, -2.9017, 3.162184e-04, nan, nan, nan, nan, nan, 46.0606
1975652, 8.927204e-02, 2.610843e-01, 0.9048, 570249.1785, 3.708702e-01, -1.0575, 2.912366e-06, nan, nan, nan, nan, nan, 51.9204
3570452, 8.930455e-02, 2.610521e-01, 2.5717, 570236.8279, -2.165984e-01, -0.2196, 1.409669e-07, nan, nan, nan, nan, nan, nan
8124234, 8.742557e-02, 2.620351e-01, 1.9727, 570260.1437, 2.892062e-01, -2.7549, 1.551465e-07, nan, nan, nan, nan, nan, nan
10846664, 8.738383e-02, 2.620329e-01, 2.0446, 570091.4752, -4.859501e-01, -2.6855, 1.873322e-07, 26.0650, 26.0971, 27.1696, nan, 28.1657, 29.2040
3352379, 8.896402e-02, 2.612307e-01, 0.4876, 570134.0366, 8.287823e-02, 0.3305, 9.916260e-06, nan, 26.3101, 24.3582, 23.5943, 23.4194, 23.3990
6796582, 8.893586e-02, 2.612721e-01, 0.7997, 570065.1471, -1.324330e-01, 0.7291, 4.054143e-06, nan, nan, 27.6702, 26.7893, 26.1668, 25.7414
2616528, 8.914746e-02, 2.611853e-01, 1.3320, 570170.9305, -6.246614e-02, 3.1591, 4.766989e-07, 30.3339, 29.4259, 27.3660, 26.0998, 25.4703, 25.3430
1172534, 8.922185e-02, 2.608447e-01, 0.6241, 570249.0312, 3.200375e-01, 1.2868, 8.178227e-06, 55.9645, 51.8972, nan, 49.3322, 49.3956, 48.9408
7256793, 8.550002e-02, 2.633800e-01, 3.3749, 570115.4685, 2.726311e-02, 4.6956, 8.550920e-08, nan, nan, nan, nan, nan, nan
16665499, 8.739263e-02, 2.616689e-01, 1.4405, 570229.8610, 6.571201e-01, -2.2210, 5.447598e-07, nan, nan, nan, nan, nan, nan
6072207, 8.918587e-02, 2.609064e-01, 0.6243, 570221.9054, -8.692540e-02, -1.1367, 5.678223e-06, nan, nan, nan, nan, 50.6927, 53.2887
1185081, 8.772073e-02, 2.618351e-01, 0.2127, 570235.4795, 2.296267e-01, 2.1104, 6.740369e-05, 48.8474, 48.6599, 47.0879, 46.6743, 46.9050, 46.5436
13418230, 8.964821e-02, 2.614821e-01, 1.0651, 570112.6943, 7.091828e-02, -0.3544, 1.432985e-06, 34.9495, nan, 29.7667, 27.6052, 26.7601, 26.1676
13045441, 8.978389e-02, 2.612248e-01, 1.6135, 570126.1125, 2.260658e-01, -0.9268, 5.076780e-07, 38.5105, nan, nan, 31.5590, 28.7771, 27.3775
2745746, 8.759109e-02, 2.616607e-01, 1.6836, 570126.7047, 3.249460e-01, 2.1003, 4.239370e-07, 38.2301, 38.5604, 33.9139, 31.6485, 28.4515, 27.3326
13593969, 8.989585e-02, 2.612693e-01, 1.2625, 570067.6667, 1.735472e-01, 0.1049, 8.931040e-07, 38.0919, nan, 32.9557, 29.9495, 28.4141, 27.9511
13594393, 8.733732e-02, 2.618793e-01, 1.2629, 570085.8880, 1.074330e-01, 0.2547, 1.180606e-06, 36.9363, nan, 31.3610, 29.1453, 27.9181, 27.3744
3821204, 8.739883e-02, 2.619005e-01, 1.1105, 570222.2549, -2.881002e-01, 0.0545, 1.403554e-06, nan, nan, nan, nan, 54.5532, 52.6524
12499082, 8.971820e-02, 2.613514e-01, 5.2653, 570255.3762, 1.697655e-01, 7.0897, 4.486514e-08, 52.6999, 52.8684, 49.6201, 45.2364, 43.0188, 41.8699
13343347, 8.535144e-02, 2.635922e-01, 1.7443, 570182.6229, -2.656526e-01, -3.6846, 3.110848e-07, 26.4944, 26.4106, 25.1170, 26.9353, 27.5617, 27.6580
2683954, 8.884341e-02, 2.620159e-01, 1.1640, 570124.7920, 1.177739e-01, 0.6019, 1.317045e-06, 38.0450, nan, 29.8990, 27.2459, 25.9368, 25.6041
14149068, 8.736398e-02, 2.610250e-01, 1.1885, 570253.6184, -3.735755e-01, 0.8119, 2.128914e-06, nan, 49.6184, 50.0851, nan, 52.4569, 50.9707
7848080, 8.540895e-02, 2.626379e-01, 0.5322, 570190.5900, -1.449417e-01, 0.1909, 8.356943e-06, 31.0011, nan, nan, 29.5919, 29.2898, 29.0294
8517656, 8.536068e-02, 2.630898e-01, 1.0773, 570213.6794, 2.807309e-01, 2.0435, 1.341060e-06, 61.4268, 55.6540, 52.4273, nan, 50.5497, 50.8245
14919348, 8.522158e-02, 2.627920e-01, 0.5158, 570150.5956, 4.928140e-03, 0.4850, 1.105731e-05, 28.8503, 24.6386, 23.0185, 22.7923, 22.7144, 22.9266
14447850, 8.941043e-02, 2.616703e-01, 1.8475, 570084.2406, 1.729693e-01, -0.7592, 8.036275e-07, 39.0191, 37.3460, 32.8897, 31.5809, 30.1170, 29.4193
5959924, 8.739938e-02, 2.612716e-01, 0.7042, 570234.2500, -4.907441e-01, 0.1007, 5.348708e-06, nan, nan, nan, 51.9251, 50.8324, 51.0104
11536927, 8.895857e-02, 2.618611e-01, 4.3904, 570204.9530, -4.375001e-01, -1.8095, 3.833663e-08, 32.9012, 29.4887, 24.8094, 23.8273, 24.3483, 24.8385
2492551, 8.952214e-02, 2.615577e-01, 2.5241, 570079.6254, 5.816379e-01, -2.2326, 2.512077e-07, 46.4705, nan, 44.7217, nan, nan, 34.7928
2206720, 8.958326e-02, 2.614724e-01, 1.2770, 570180.8944, 1.377850e-01, 0.4752, 6.024967e-07, 34.1862, 34.1299, 29.0620, 26.8083, 25.9441, 25.7184
14357301, 8.735680e-02, 2.611424e-01, 2.1870, 570074.0097, 3.564180e-01, -0.4272, 3.768137e-07, 42.7618, 42.1167, 38.5289, 35.2571, 33.7128, 31.5406
16259139, 8.917724e-02, 2.612592e-01, 3.3344, 570229.7247, 7.003866e-01, 1.6892, 5.246985e-08, 53.5582, 54.0801, 52.5601, 54.4975, 45.5063, 42.2722
13105928, 8.755169e-02, 2.610071e-01, 2.1586, 570078.2641, -3.706385e-01, -3.0700, 2.106144e-07, 28.4811, 27.6014, 26.6206, 25.8516, 28.2516, 29.0501
14675458, 8.501133e-02, 2.632346e-01, 1.3071, 570140.8963, -5.907665e-02, 1.9595, 1.164397e-06, 33.9900, nan, nan, 26.0556, 25.2129, 24.7766
10395273, 8.555750e-02, 2.631467e-01, 0.2916, 570096.9112, 1.803481e-01, -6.4028, 3.438221e-05, 26.4172, 27.1718, 26.5978, 25.2565, nan, 26.1561
1811050, 8.740228e-02, 2.614394e-01, 1.8449, 570224.9982, 3.137984e-01, -2.2958, 4.638715e-07, nan, nan, nan, nan, nan, 53.3616
3639842, 8.952444e-02, 2.609973e-01, 0.6374, 570254.4542, -4.941826e-02, 2.3500, 8.341437e-06, 50.6907, 49.4951, nan, 48.7889, 49.5681, 49.0067
17166398, 8.539633e-02, 2.632646e-01, 2.4631, 570155.9763, 2.297581e-01, 2.1014, 1.149920e-07, 41.5709, 38.9175, 36.6523, 35.2592, 33.3040, 30.4901
16633752, 8.944876e-02, 2.612589e-01, 2.4506, 570176.7177, -1.321108e-01, 2.1913, 1.621129e-07, 33.4648, 29.8042, 29.2585, 29.1886, 28.2735, 27.4670
11713640, 8.798385e-02, 2.610921e-01, 1.2100, 570069.5400, -2.565212e-01, -2.7792, 9.961429e-07, 31.0687, 27.1621, 26.5236, nan, 28.5679, 28.2429
11501263, 8.777292e-02, 2.611711e-01, 1.0066, 570138.3744, -3.262770e-01, -0.1448, 1.220020e-06, nan, nan, 26.8284, 25.6877, 25.4148, 25.3790
10010542, 8.874199e-02, 2.606476e-01, 1.3070, 570248.9912, 6.680941e-01, 2.4946, 9.522440e-07, nan, 61.4660, 58.2973, nan, nan, 50.5793
684688, 8.873889e-02, 2.606262e-01, 1.2661, 570209.1317, 1.077118e-01, 2.7493, 9.099897e-07, nan, 54.9057, 53.1792, nan, 52.7773, 50.4425
427637, 8.824501e-02, 2.642007e-01, 1.8726, 570110.6275, 2.815733e-01, -2.9598, 5.126777e-07, 39.8084, nan, 33.4405, 30.7125, 30.4538, 31.2278
928787, 8.915433e-02, 2.622712e-01, 0.6850, 570181.6011, 2.236711e-01, -0.7104, 2.581061e-06, 31.5502, 29.2092, 26.1201, 25.5781, 25.3901, 25.3169
12563852, 8.953057e-02, 2.619315e-01, 2.8728, 570116.8067, 2.390360e-01, 1.2896, 1.833161e-07, nan, nan, nan, nan, nan, nan
14488641, 8.878766e-02, 2.604000e-01, 1.9909, 570131.2766, -6.547054e-02, 0.8758, 1.893173e-07, nan, nan, nan, nan, 29.7217, 28.0677
208363, 8.878175e-02, 2.602707e-01, 0.5383, 570203.0289, 5.864269e-02, 2.7417, 8.393695e-06, 51.3322, nan, 49.3642, 48.9685, 49.0378, 48.9358
8374504, 8.734662e-02, 2.639777e-01, 2.4614, 570146.8693, 3.631941e-02, -1.5718, 1.386917e-07, 39.2983, 34.9653, 33.6535, nan, nan, 30.5511
16786539, 8.772684e-02, 2.614152e-01, 1.6706, 570071.2760, 4.779392e-03, -4.4120, 3.601345e-07, 37.3227, 34.7740, 30.2051, 29.2247, 33.7063, 30.9635
6691289, 8.866534e-02, 2.605742e-01, 0.5487, 570094.7443, -3.426186e-03, -1.7625, 6.047083e-06, 28.8208, 28.1921, 26.9331, 26.1021, 25.3745, 25.5060
4415618, 8.931370e-02, 2.620093e-01, 1.0359, 570227.2348, -9.580223e-02, 0.5854, 1.516749e-06, nan, 53.0494, 53.4792, nan, 51.6013, 51.7441
8907270, 8.752539e-02, 2.605806e-01, 0.8843, 570132.9268, -5.468997e-01, -0.4396, 3.561887e-06, nan, nan, 25.3900, 24.9442, 24.7381, 24.7375
16397139, 8.759752e-02, 2.606665e-01, 1.6073, 570220.7323, -1.563392e-01, -4.7570, 5.694617e-07, nan, nan, nan, nan, nan, nan
2299439, 8.740769e-02, 2.642755e-01, 1.6404, 570214.0368, 1.597706e-01, -2.6428, 3.438015e-07, nan, nan, nan, nan, nan, nan
5735984, 8.726404e-02, 2.643908e-01, 2.1501, 570174.6448, -1.912065e-02, 0.1853, 3.962506e-07, 33.6521, 31.1618, 30.0708, 29.3492, 27.8566, 26.5903
3470207, 8.730267e-02, 2.642904e-01, 0.7593, 570244.0369, -1.004579e-01, 0.6151, 5.222268e-06, 54.2260, 51.8432, nan, 50.6081, 50.3017, 50.3232
6892196, 8.566006e-02, 2.631329e-01, 0.6746, 570073.8360, -7.757687e-02, 0.3573, 4.523026e-06, nan, 29.9992, 27.4514, 26.4562, 25.8899, 25.5376
6269853, 8.736902e-02, 2.643946e-01, 4.4463, 570135.9587, -3.185840e-01, 2.0795, 4.135894e-08, 36.6017, 34.0792, 28.9798, 27.5168, 27.6675, 28.0443
4117263, 8.569129e-02, 2.633020e-01, 0.8075, 570225.7933, 2.427156e-01, -2.9372, 1.912127e-06, nan, nan, nan, nan, nan, 51.7641
1678102, 8.799751e-02, 2.602666e-01, 1.8449, 570122.7791, 1.899702e-02, 0.1148, 3.357874e-07, nan, nan, nan, nan, 29.1261, 28.1371
6700621, 8.797338e-02, 2.607891e-01, 2.2202, 570089.3311, -1.169613e-01, -3.6631, 1.825813e-07, 37.1936, 35.0012, 33.1387, nan, nan, 29.5571
3524573, 8.927602e-02, 2.621317e-01, 1.8860, 570203.5058, 8.666526e-02, -3.4291, 3.029304e-07, nan, 37.1183, 31.8222, nan, nan, 31.1617
2850673, 8.630948e-02, 2.631066e-01, 2.2042, 570084.9544, 2.445265e-01, 4.2985, 1.684110e-07, 42.7802, 41.8659, nan, 33.8487, 33.9606, 32.9392
12920764, 8.621720e-02, 2.631140e-01, 1.1479, 570071.3376, 2.116911e-01, -2.1702, 1.079946e-06, 37.8724, 32.8040, nan, 29.4247, 28.3473, 27.8156
6261221, 8.619728e-02, 2.632417e-01, 0.4609, 570118.3891, -2.472021e-01, 4.5425, 1.318260e-05, nan, 26.1437, 24.3412, 23.5853, 23.3858, 23.3545
17063308, 8.603342e-02, 2.631688e-01, 1.7508, 570129.9803, 3.381109e-01, 3.4474, 3.919690e-07, 38.3822, 38.2652, nan, nan, 28.1841, 27.3537
3986577, 8.601534e-02, 2.632379e-01, 1.5003, 570176.1301, -3.457494e-02, -4.2798, 4.315536e-07, 31.0962, 29.3862, 28.7763, 28.0401, 27.2203, 26.3901
7908569, 8.604551e-02, 2.634623e-01, 0.8997, 570119.1538, -1.123992e-01, -3.8942, 1.765709e-06, 32.2389, nan, 29.5255, 28.4518, 27.4361, 26.6130
3295192, 8.599895e-02, 2.634395e-01, 3.1109, 570130.8130, 9.614467e-02, -3.7079, 9.989730e-08, nan, 39.9682, 37.5286, 36.3767, nan, nan
11273750, 8.785715e-02, 2.642511e-01, 0.6325, 570197.9054, 1.540507e-02, 0.9184, 5.343693e-06, 53.1939, 51.6125, nan, 50.1469, 50.2113, 49.9877
3863000, 8.881126e-02, 2.599115e-01, 1.2565, 570159.3213, -4.017555e-01, 4.1513, 1.079289e-06, 22.5338, 24.0220, 24.6163, 24.4290, 24.5108, 24.6161
7689455, 8.875283e-02, 2.598149e-01, 1.6015, 570131.0536, -3.516464e-02, 3.1782, 4.691593e-07, nan, nan, nan, 29.1173, 26.8290, 26.3755
4198093, 8.788465e-02, 2.640850e-01, 1.9043, 570153.5003, -1.855290e-02, 3.6654, 3.296355e-07, 33.5264, 31.8240, 30.7047, 29.1473, 27.0734, 26.5905
17185217, 8.692515e-02, 2.642216e-01, 3.1836, 570168.6948, -4.776546e-01, 0.5449, 1.028667e-07, 30.8466, 22.9754, 22.1961, 23.2297, 24.0684, 24.8377
3822832, 8.591843e-02, 2.626788e-01, 1.1290, 570245.8037, 1.115426e-01, -0.7062, 2.014962e-06, nan, nan, nan, nan, nan, nan
5429602, 8.705170e-02, 2.624318e-01, 1.1908, 570246.2169, 6.540426e-02, -2.0300, 6.987919e-07, nan, nan, nan, nan, nan, nan
14533406, 8.706357e-02, 2.642113e-01, 2.4672, 570141.5669, -3.194475e-01, -5.2186, 1.813256e-07, 30.0631, 27.0220, 27.3397, nan, nan, nan
10999929, 8.706681e-02, 2.640910e-01, 0.4467, 570104.9738, 8.506069e-02, 3.2703, 1.285352e-05, nan, 26.8030, 25.0708, 24.0970, 23.6423, 23.5819
6884754, 8.689398e-02, 2.624317e-01, 2.4449, 570100.6957, -1.659890e-01, 1.0969, 2.601442e-07, nan, nan, nan, nan, nan, nan
9623295, 8.816530e-02, 2.601853e-01, 1.0240, 570102.0385, -3.358391e-01, 2.2730, 1.449293e-06, 27.9044, nan, 29.6335, 27.1816, 26.6644, 26.1642
8840792, 8.660016e-02, 2.629079e-01, 1.2490, 570079.9535, -7.272770e-02, 0.7304, 9.099900e-07, 34.7469, nan, nan, 28.9338, 28.1554, 27.6837
15835839, 8.854963e-02, 2.600431e-01, 0.3416, 570160.2426, 3.393137e-01, -3.0243, 1.586933e-05, 27.9347, 23.4051, 22.2554, 21.9427, 21.8147, 22.0840
11470004, 8.855324e-02, 2.600788e-01, 1.0414, 570214.3836, 4.228488e-01, -1.7484, 2.694395e-06, nan, nan, nan, nan, nan, nan
14938223, 8.647253e-02, 2.627509e-01, 2.1884, 570087.4383, 6.782127e-02, 0.9106, 3.301612e-07, 39.8083, 37.4194, 35.9181, 32.5087, 33.0604, 30.7531
3847220, 8.655068e-02, 2.627536e-01, 1.1754, 570186.0451, -1.996794e-02, 4.0882, 6.534132e-07, 31.7668, nan, 27.2196, 26.2696, 25.6035, 25.6157
1839430, 8.822910e-02, 2.606230e-01, 1.1038, 570156.7557, 1.886870e-01, -0.2522, 1.269069e-06, 33.6268, 31.7251, 27.5821, 25.5277, 24.5665, 24.5013
16380880, 8.995161e-02, 2.617494e-01, 1.1146, 570155.9139, 4.270938e-02, 4.2036, 1.153558e-06, 31.8112, 29.9637, 26.5873, 25.2864, 24.6094, 24.6120
12166619, 8.814615e-02, 2.604202e-01, 1.3978, 570088.7985, -4.492574e-02, -0.5244, 9.514462e-07, 34.5158, 31.4858, 29.8324, 29.4993, 28.3488, 27.6167
12440001, 8.676479e-02, 2.624922e-01, 1.6139, 570255.9021, -1.213377e-02, -2.2057, 5.542279e-07, nan, nan, nan, nan, nan, nan
11334544, 8.813052e-02, 2.599477e-01, 1.4698, 570129.2585, -4.068271e-01, -4.6909, 7.656296e-07, nan, nan, nan, nan, 28.6438, nan
2725359, 8.807864e-02, 2.598464e-01, 0.3092, 570169.4114, -3.466898e-01, 4.9153, 3.211373e-05, 21.5873, 21.2501, 21.6698, 22.0577, 22.7399, 22.9563
4866495, 8.805492e-02, 2.597538e-01, 0.8328, 570252.6572, 6.959975e-02, -0.1821, 3.212290e-06, nan, nan, nan, nan, 53.1533, 50.7831
631872, 8.807023e-02, 2.595184e-01, 0.1334, 570204.5752, 4.098628e-01, -1.2537, 2.035698e-04, nan, nan, 48.9522, 46.8178, nan, nan
510847, 8.831502e-02, 2.595510e-01, 0.5506, 570148.8066, -2.252391e-01, -1.3259, 8.731153e-06, 25.9257, 25.1104, 23.5469, 23.2879, 23.3471, 23.6204
15993841, 8.717383e-02, 2.623262e-01, 2.2535, 570210.4363, 1.052204e-01, 2.9998, 2.075866e-07, 40.6450, 39.4680, nan, nan, 31.2304, 29.3252
2686991, 8.709552e-02, 2.623246e-01, 1.2086, 570134.7157, 7.853697e-02, 2.2125, 1.518992e-06, 35.5439, 34.4115, 28.9306, 26.1145, 24.9700, 24.7752
13752878, 8.704909e-02, 2.622696e-01, 2.1981, 570197.4304, -3.393991e-01, 3.6176, 2.670764e-07, 27.3428, 25.7211, nan, nan, nan, 25.6713
6679631, 8.663458e-02, 2.622128e-01, 2.3115, 570199.0547, 4.170621e-01, -3.0161, 1.452746e-07, nan, 43.8726, 38.5480, 33.9538, 33.0962, nan
8786539, 8.741620e-02, 2.602295e-01, 1.2243, 570200.5096, -1.644176e-02, 3.5593, 1.630947e-06, nan, 29.7420, 28.6545, nan, 28.6357, 27.2528
11455812, 8.683360e-02, 2.621936e-01, 3.4950, 570091.1788, 4.099142e-02, 2.2944, 6.874493e-08, 45.4141, nan, nan, nan, nan, 33.3576
2741812, 8.698528e-02, 2.620459e-01, 0.9243, 570245.6590, -6.830206e-02, 0.0478, 2.279394e-06, nan, nan, nan, nan, 52.5752, 51.4733
4555379, 8.748688e-02, 2.593429e-01, 1.1555, 570137.5671, -1.389109e-01, 1.4815, 2.448493e-06, nan, nan, 27.2513, 25.2018, 24.2642, 24.2754
10701810, 8.595798e-02, 2.621118e-01, 3.0955, 570091.4003, 2.627323e-01, 2.3928, 1.735190e-07, nan, nan, nan, nan, nan, nan
3942218, 8.732277e-02, 2.595308e-01, 0.2957, 570205.1462, -5.644642e-02, 5.4159, 2.696715e-05, 48.2180, 48.4663, 47.2196, 47.8008, 47.0671, 47.9943
11512523, 8.732821e-02, 2.594163e-01, 1.2888, 570167.7469, 1.081840e-02, -1.8202, 1.047323e-06, 31.1126, 30.3545, 28.1403, 25.6757, 24.9882, 24.6005
11397366, 8.639147e-02, 2.618597e-01, 3.2153, 570084.0711, 2.060079e-03, 5.1770, 9.857186e-08, nan, nan, nan, nan, nan, nan
4208144, 8.766553e-02, 2.595799e-01, 1.9914, 570217.5158, 1.648938e-01, 2.0330, 3.349152e-07, 42.6468, 42.5217, 36.0768, 33.8014, 33.2272, 31.9373
10705978, 8.776213e-02, 2.593446e-01, 0.8686, 570191.5356, -2.772764e-01, 2.6735, 2.579702e-06, 27.8910, 25.9991, 27.1415, 26.5214, 26.5977, 26.9343
9479892, 8.843027e-02, 2.635048e-01, 1.9667, 570239.3096, -9.947131e-02, -1.3053, 2.028792e-07, nan, nan, nan, nan, nan, nan
17273249, 8.639979e-02, 2.621079e-01, 2.9497, 570216.5807, 1.452591e-01, -0.6911, 2.024004e-07, 43.1343, 40.1642, 37.7810, 35.8247, 33.1805, 32.3874
691722, 8.637354e-02, 2.621460e-01, 0.2874, 570174.2915, -4.263126e-01, -2.5469, 5.005895e-05, 21.0206, 22.6027, 22.8370, 23.1288, 22.9602, 23.4184
15896314, 8.837969e-02, 2.637409e-01, 1.2751, 570249.2926, -2.455372e-01, -5.4011, 8.520048e-07, nan, nan, nan, nan, nan, nan
15805930, 8.632927e-02, 2.621979e-01, 1.3849, 570141.8752, -1.023537e-01, -3.6249, 6.966312e-07, 32.6018, 30.2015, 28.2658, nan, 26.5972, 26.0458
16158526, 8.609990e-02, 2.620762e-01, 2.5260, 570098.1290, -6.603864e-02, -2.2153, 2.529926e-07, nan, nan, nan, 29.7851, 28.6000, 28.5711
11428845, 8.762475e-02, 2.594404e-01, 0.9817, 570238.0212, 2.687974e-02, 2.0262, 2.796844e-06, nan, 52.0554, 51.9497, nan, 49.8889, 49.8154
1085049, 8.875134e-02, 2.634438e-01, 0.5849, 570202.6759, 4.857272e-01, -1.1915, 7.823194e-06, nan, nan, nan, nan, 50.0234, 50.2309
16674886, 8.748140e-02, 2.595578e-01, 1.4094, 570217.9499, -2.054797e-01, 4.1542, 1.103382e-06, nan, 50.7064, 49.6405, 49.8977, nan, 50.5561
3023301, 8.693690e-02, 2.611151e-01, 0.9201, 570197.2900, -5.423955e-01, -0.6412, 2.656142e-06, nan, nan, nan, nan, nan, 31.5342
9842625, 8.699656e-02, 2.610820e-01, 0.9868, 570064.2172, -1.989870e-01, -5.0152, 1.721746e-06, nan, 26.8695, 28.6419, 28.5542, 28.9596, 28.2162
9702454, 8.700524e-02, 2.614845e-01, 0.9303, 570201.5087, -9.306007e-02, 0.1495, 3.508280e-06, nan, nan, nan, nan, 51.7826, 50.9611
7160803, 8.715328e-02, 2.613797e-01, 1.4754, 570205.9585, -3.692279e-01, 1.6287, 6.479621e-07, nan, 28.0565, 27.2486, 29.1771, nan, 31.4373
8598815, 8.796084e-02, 2.631770e-01, 1.3016, 570247.6937, -2.742375e-01, 7.5381, 7.435396e-07, nan, 49.0890, 49.1000, 50.2422, 52.6238, 49.5640
8857941, 8.800628e-02, 2.632343e-01, 1.2496, 570169.2980, 3.963760e-02, -0.9650, 1.133863e-06, 31.4859, 30.1594, 27.5651, 25.5005, 24.8143, 24.5901
942066, 8.792642e-02, 2.632614e-01, 1.0203, 570143.9529, -3.076956e-01, -0.3818, 9.705582e-07, 29.2215, 27.9898, 26.7730, 25.6505, 25.3867, 25.3970
10921622, 8.676406e-02, 2.615617e-01, 1.7869, 570233.0732, -9.943793e-02, -0.5578, 6.540785e-07, nan, nan, nan, nan, nan, nan
6005225, 8.797313e-02, 2.633822e-01, 0.6518, 570228.0798, 1.412752e-01, 2.5782, 2.696085e-06, 54.3742, 51.3859, nan, 49.8291, 50.5743, 49.8860
12616440, 8.669206e-02, 2.615276e-01, 0.8803, 570181.0871, 6.211008e-01, -4.0569, 1.709196e-06, 35.9716, nan, nan, 27.2406, 30.6277, 26.3688
14154948, 8.665468e-02, 2.614332e-01, 1.1663, 570124.7894, 1.788687e-01, 3.9770, 9.930161e-07, 35.7255, nan, 31.3631, 27.0668, 25.6251, 25.4329
9663394, 8.798559e-02, 2.598099e-01, 2.3879, 570088.7969, -9.159528e-02, 0.5006, 2.976644e-07, nan, nan, nan, nan, nan, nan
843930, 8.693491e-02, 2.614161e-01, 0.3052, 570214.8912, 5.519592e-02, 4.1458, 3.078685e-05, 49.3573, 49.1065, 47.2108, 47.6341, 46.9730, 47.9219
10420966, 8.790438e-02, 2.599217e-01, 1.6478, 570109.2479, 1.100898e-01, -1.1656, 4.598613e-07, nan, nan, 31.2423, 30.0318, 29.7310, 28.4796
6193526, 8.803129e-02, 2.636600e-01, 3.4854, 570087.4011, -1.097146e-01, 3.7877, 4.265667e-08, nan, nan, nan, nan, nan, nan
14244469, 8.706476e-02, 2.612785e-01, 0.2774, 570244.5485, -3.686173e-01, -1.2359, 6.588621e-05, nan, nan, nan, 49.1254, 50.7765, nan
8120554, 8.703325e-02, 2.613160e-01, 1.8989, 570245.1931, 1.351125e-01, 0.2291, 2.792773e-07, nan, nan, nan, 58.7476, nan, nan
11431301, 8.765665e-02, 2.600014e-01, 1.0153, 570114.1597, -9.944391e-02, 1.5180, 1.737887e-06, 31.8529, 29.0063, 28.8402, 26.6030, 26.1151, 25.6394
9338738, 8.768704e-02, 2.599499e-01, 0.7750, 570062.7707, 9.896697e-02, -1.3942, 3.605053e-06, 33.5303, 30.0826, 28.6670, 27.1523, 26.5253, 25.8642
10135324, 8.766560e-02, 2.598659e-01, 1.1060, 570194.3858, -3.721072e-01, -3.3689, 1.904840e-06, nan, nan, nan, 28.6285, nan, nan
7648503, 8.660099e-02, 2.615974e-01, 0.2809, 570235.4255, -1.849914e-01, 0.3194, 4.702510e-05, 51.4283, nan, 48.7111, 48.4817, 48.1933, 49.1722
2381602, 8.766389e-02, 2.637924e-01, 0.9263, 570138.1925, 1.383355e-01, 0.8589, 1.949609e-06, 34.4382, nan, 26.9482, 25.2032, 24.7484, 24.6619
2787506, 8.766522e-02, 2.637218e-01, 1.5381, 570202.3528, -2.273193e-01, 2.5099, 6.706397e-07, nan, 29.2635, 27.3167, 27.7707, nan, 28.7995
4897362, 8.769298e-02, 2.635250e-01, 0.7773, 570124.2347, 6.100690e-02, 1.0753, 4.476351e-06, nan, nan, 26.3681, 25.0259, 24.5717, 24.0426
10071292, 8.650539e-02, 2.618223e-01, 0.3760, 570202.3906, -4.206476e-01, -0.5872, 2.122926e-05, nan, nan, nan, 49.9043, 49.9764, 50.1641
7816184, 8.885866e-02, 2.606169e-01, 0.5946, 570211.4874, -8.326514e-02, 3.1121, 6.262153e-06, 50.0334, 49.6922, 50.6531, 49.1221, 49.7328, 49.4166
6292642, 8.876328e-02, 2.624999e-01, 1.7878, 570066.1616, 2.681758e-01, -0.3216, 3.071822e-07, 41.0841, 40.8418, 36.6999, 33.0811, 32.2775, 30.2629
5918577, 8.710861e-02, 2.616236e-01, 0.4490, 570192.8643, -9.954857e-02, -0.1006, 1.614088e-05, nan, nan, nan, 49.7274, 49.6603, 49.3561
689529, 8.889633e-02, 2.605520e-01, 1.1212, 570171.3136, -1.274659e-01, 4.5098, 1.402309e-06, 27.7036, 27.0321, 25.1283, 24.4549, 24.2438, 24.3507
6017716, 8.699344e-02, 2.616104e-01, 2.4737, 570083.5799, -5.104596e-01, -1.5772, 2.484334e-07, 27.5066, 25.4793, 26.7139, 26.6390, nan, 28.5892
7237164, 8.876839e-02, 2.630909e-01, 3.1798, 570255.5254, 3.138860e-02, -0.6606, 1.993246e-07, nan, nan, nan, nan, nan, nan
9717817, 8.680733e-02, 2.616182e-01, 0.9826, 570186.6865, 3.738387e-01, -0.0844, 2.222721e-06, 34.8544, 32.8306, 28.1368, 26.1043, 25.5832, 25.5052
16425115, 8.848869e-02, 2.629141e-01, 2.0709, 570250.4958, -3.351985e-01, -4.5645, 3.309709e-07, nan, nan, nan, nan, nan, nan
13723205, 8.828193e-02, 2.632394e-01, 1.6368, 570154.2664, 3.106939e-01, -5.7936, 4.642737e-07, 37.7181, 36.4588, 35.6002, nan, 28.3191, 26.6651
3481737, 8.825965e-02, 2.631970e-01, 2.0023, 570197.9178, 4.737720e-01, 4.0728, 3.270601e-07, 39.6258, 39.2817, nan, nan, 29.7482, 28.5160
12588675, 8.807703e-02, 2.634313e-01, 2.7111, 570213.8751, 4.678855e-01, 2.0690, 1.158592e-07, nan, nan, 44.1994, nan, nan, 35.8993
11384541, 8.889081e-02, 2.599834e-01, 3.2238, 570168.7475, 4.564686e-01, 3.6392, 6.605184e-08, 47.1005, 46.6541, 43.4494, 41.0017, 38.3292, 35.9662
13251302, 8.859201e-02, 2.631211e-01, 1.8955, 570188.1868, -2.930686e-01, -1.7609, 2.982187e-07, 26.5816, 26.1611, 25.2358, 25.9373, 28.2271, 26.8479
2371522, 8.855678e-02, 2.631233e-01, 2.1949, 570108.1893, -3.858067e-01, 0.1821, 1.943934e-07, nan, nan, nan, nan, nan, 28.6012
16078783, 8.834647e-02, 2.635024e-01, 2.0385, 570105.8133, 1.363837e-01, -0.2318, 3.238313e-07, nan, nan, 37.1394, 33.3066, 31.5664, 29.4980
5863392, 8.821227e-02, 2.634272e-01, 0.6725, 570131.1714, -3.373316e-01, -0.5601, 4.784928e-06, 25.5530, 25.6092, 25.5746, 24.9435, 24.5969, 24.5957
1508687, 8.816047e-02, 2.634566e-01, 1.3049, 570125.3703, 3.487673e-01, 1.8606, 8.527619e-07, 36.4108, 35.5173, nan, 28.2802, 26.4791, 25.8634
1232987, 8.568213e-02, 2.638285e-01, 1.0906, 570215.9013, -1.683322e-01, -2.0120, 1.949520e-06, nan, nan, nan, 53.3960, nan, nan
8508314, 8.638143e-02, 2.632486e-01, 1.0751, 570138.8049, 2.485381e-01, -4.1398, 1.404387e-06, 35.7564, 31.4363, nan, 27.0776, 26.5586, 25.3997
11295557, 8.619608e-02, 2.637472e-01, 1.4125, 570174.7740, 1.528270e-01, -1.8820, 6.647616e-07, 34.3357, 31.9324, 30.2131, 27.1248, 26.3184, 25.2982
8287768, 8.616896e-02, 2.637395e-01, 2.4030, 570217.8560, 1.693185e-01, 2.1267, 1.701967e-07, 42.1761, 43.1015, 40.1496, 33.9318, 32.2768, 32.8903
3607803, 8.720621e-02, 2.624594e-01, 2.4235, 570104.5028, 1.397764e-02, -1.3921, 2.388910e-07, nan, nan, nan, 33.0425, 31.5793, 30.3360
3278856, 8.895264e-02, 2.599819e-01, 1.0756, 570139.2848, 4.064531e-01, 1.6404, 1.430405e-06, 34.7096, nan, 28.4470, 26.0479, 24.9425, 24.6658
425919, 8.719677e-02, 2.630110e-01, 0.3827, 570228.2913, -5.262084e-01, -4.2095, 2.788164e-05, nan, nan, nan, nan, nan, nan
16693968, 8.659353e-02, 2.630876e-01, 3.5659, 570127.5267, 1.362688e-01, 4.4262, 8.743292e-08, 45.2122, 42.8136, 39.1871, 37.8774, 36.5851, 33.9784
1077079, 8.668867e-02, 2.637436e-01, 0.5319, 570239.6682, -1.071058e-01, -0.9956, 6.058196e-06, nan, nan, nan, nan, 51.7068, 50.7938
3371418, 8.673753e-02, 2.637250e-01, 2.1426, 570230.5344, 7.585901e-02, 4.3330, 2.315014e-07, nan, nan, 56.2978, 53.8155, 54.3776, 51.8754
13016890, 8.714501e-02, 2.634454e-01, 0.8931, 570207.9678, -1.293370e-01, -2.0469, 1.898720e-06, nan, nan, nan, nan, nan, nan
4576207, 8.685720e-02, 2.631619e-01, 1.2077, 570126.4840, -4.484802e-04, -2.8439, 1.139975e-06, nan, nan, 30.6094, 28.7217, 27.8619, 26.6711
11401708, 8.645060e-02, 2.637366e-01, 3.1877, 570097.4927, 2.340524e-01, 2.9720, 1.113808e-07, 44.8109, nan, nan, nan, 35.7643, 33.5921
4362787, 8.652846e-02, 2.633608e-01, 1.4542, 570237.1676, 3.532989e-01, -1.3283, 4.535363e-07, nan, nan, nan, nan, nan, nan
5671455, 8.679972e-02, 2.631773e-01, 2.3230, 570086.4267, 2.099795e-01, 5.0504, 2.394921e-07, 42.8805, 42.7505, 39.7137, 33.9435, 31.9754, nan
4713005, 8.881981e-02, 2.611613e-01, 1.5604, 570183.7566, -5.785797e-01, -1.8215, 6.375855e-07, 18.5021, 20.0382, 21.1365, 25.1473, 25.3020, 25.9453
13322827, 8.869872e-02, 2.613798e-01, 2.4725, 570110.0449, -1.848872e-01, 0.4698, 2.143243e-07, nan, nan, nan, 30.8772, 29.7021, nan
8528773, 8.864379e-02, 2.614017e-01, 0.1727, 570179.8891, -2.291788e-01, -3.6216, 1.098393e-04, nan, nan, nan, nan, 26.6615, nan
5000765, 8.822363e-02, 2.614817e-01, 0.4554, 570240.4155, 4.137887e-02, 4.3248, 1.273324e-05, 49.8134, 51.7664, 48.1761, 48.3225, 48.2788, 47.7719
8486267, 8.844483e-02, 2.613998e-01, 1.0612, 570109.5930, -9.917392e-02, 0.6084, 9.941055e-07, 32.1359, nan, 29.5628, 27.7633, 27.0700, 26.5443
11273515, 8.834318e-02, 2.623082e-01, 0.6307, 570081.6257, 2.794106e-01, -1.5616, 1.417538e-05, 32.7701, 30.0241, 26.4642, 25.3467, 24.4521, 24.1708
1046867, 8.858665e-02, 2.620997e-01, 1.6714, 570173.4627, 4.302507e-01, -5.2107, 4.639482e-07, 37.8887, 37.3280, nan, nan, 27.6157, 27.8408
16655879, 8.744417e-02, 2.623155e-01, 2.4288, 570185.4084, -3.640932e-01, -5.5190, 2.675886e-07, 26.4737, 23.8658, 24.3831, 23.3905, 24.6594, 29.4801
5469586, 8.750843e-02, 2.621534e-01, 1.2960, 570179.8818, -2.477253e-01, -1.8530, 1.234407e-06, 25.4805, 24.8236, 25.5594, 25.5275, 25.5314, 25.0240
6427779, 8.788794e-02, 2.619266e-01, 1.7433, 570164.4890, -2.440489e-01, 0.0629, 6.014145e-07, 26.3417, 26.1444, 26.5565, 26.1476, 25.5382, 25.1956
13669959, 8.795347e-02, 2.618918e-01, 1.5322, 570148.0843, 1.955439e-01, -7.9728, 7.985328e-07, 38.5338, nan, nan, nan, 28.5140, 26.2608
11446976, 8.801312e-02, 2.622697e-01, 1.0754, 570107.6565, -2.096174e-02, 1.0078, 1.367938e-06, 33.2143, nan, 29.5659, 27.5769, 26.7069, 26.1696
556559, 8.771312e-02, 2.620629e-01, 1.9907, 570132.2515, 9.445037e-02, 1.9981, 2.590779e-07, 39.8946, nan, nan, nan, 29.7678, 27.8095
15044493, 8.818043e-02, 2.619964e-01, 1.8071, 570082.5965, -2.511744e-01, -0.1153, 2.561597e-07, 30.7625, 30.6172, 29.9143, 30.2840, 29.6970, 29.6517
12614008, 8.808152e-02, 2.618538e-01, 0.8711, 570231.2940, 1.578193e-01, -4.5951, 1.659264e-06, nan, nan, nan, nan, nan, nan
13621204, 8.861345e-02, 2.616182e-01, 3.6508, 570140.6297, 1.431061e-01, -0.0621, 1.039318e-07, 44.8128, 41.7149, 37.7839, 36.4441, 35.3159, 34.5552
4101631, 8.861710e-02, 2.616639e-01, 0.8243, 570130.2787, -2.178463e-01, 0.4698, 2.841490e-06, nan, nan, 26.2005, 25.2817, 24.8988, 24.7321
3499492, 8.857550e-02, 2.617454e-01, 0.8491, 570253.7203, -1.403005e-01, 1.2106, 1.810444e-06, nan, 51.7824, nan, 51.5133, 51.1461, 51.2673
8167494, 8.765489e-02, 2.623410e-01, 0.7080, 570126.2517, 2.293687e-01, -3.1054, 4.665621e-06, 31.7656, 28.5946, 28.1684, 26.1269, 25.1187, 24.0261
377871, 8.739740e-02, 2.627850e-01, 0.9479, 570099.0081, 3.300906e-01, 3.8264, 1.711577e-06, 35.8010, nan, 29.1641, 27.3847, 26.2120, 25.5849
4259484, 8.755271e-02, 2.626234e-01, 0.6951, 570192.9263, 1.288102e-01, 0.6437, 5.373515e-06, 33.7801, 31.3282, nan, 28.9431, 28.5978, 28.4907
15418081, 8.763535e-02, 2.623940e-01, 1.6143, 570116.1548, 6.459186e-02, -1.5163, 1.029587e-06, nan, 35.8371, 29.8735, 28.8941, 28.4885, 27.3317
11263628, 8.854583e-02, 2.624282e-01, 2.3892, 570208.5940, 1.524285e-01, 4.0303, 1.529444e-07, 43.2670, 39.0704, 37.9069, nan, nan, 29.8995
9812796, 8.809238e-02, 2.630116e-01, 1.7517, 570234.3752, 7.329002e-01, -0.4609, 8.844967e-07, nan, nan, nan, nan, nan, nan
3629976, 8.729546e-02, 2.636211e-01, 0.9750, 570150.7966, -4.875590e-01, -4.8535, 1.752181e-06, 22.4126, nan, nan, 25.1063, 24.6399, 24.8637
12309188, 8.753011e-02, 2.634938e-01, 3.7874, 570128.8429, -2.491495e-01, 1.9580, 7.108225e-08, 38.3660, 33.3807, 30.0874, 29.6657, 29.8908, 29.0662
15298198, 8.739338e-02, 2.636681e-01, 0.3877, 570078.7370, 2.359485e-01, -0.3325, 2.720296e-05, 30.1940, 26.6738, 24.7851, 23.7564, 23.4802, 23.8040
3173144, 8.736342e-02, 2.631700e-01, 1.7921, 570150.5096, 2.443904e-01, -3.9757, 2.935145e-07, 38.7070, 36.9114, nan, nan, 30.1314, 27.7003
11822270, 8.788973e-02, 2.630543e-01, 0.2309, 570091.6197, -5.100164e-01, -3.3062, 6.681812e-05, 21.7361, 24.8652, 24.3268, 24.3558, 25.3731, 25.4581
2740612, 8.772695e-02, 2.630704e-01, 1.1222, 570094.1331, -3.928252e-01, -0.0864, 1.173551e-06, 27.4205, 27.6494, 28.0080, 28.0640, 27.4209, 27.1521
11441108, 8.773853e-02, 2.630850e-01, 3.5734, 570155.3502, 2.259210e-01, 1.0130, 1.037171e-07, 45.4182, 42.7513, 38.8486, 37.1851, 35.8397, 35.0748
7937563, 8.803123e-02, 2.627710e-01, 0.7627, 570111.1431, -1.881264e-01, 4.5472, 3.217494e-06, nan, nan, 26.7484, 25.5218, 25.0480, 24.5210
14610723, 8.759507e-02, 2.628424e-01, 0.9563, 570192.9884, -7.336227e-02, 1.3401, 1.483306e-06, 35.2734, 29.2674, 29.4824, 29.1920, 27.4840, 27.4627
13175779, 8.754793e-02, 2.630978e-01, 0.7980, 570090.6546, -2.502602e-02, 5.3933, 3.616150e-06, nan, nan, 26.7530, 26.1330, 25.5317, 24.9795
13989468, 8.752099e-02, 2.629691e-01, 4.7053, 570091.1823, -3.666582e-01, 2.6837, 4.703795e-08, nan, nan, nan, nan, nan, nan
1606599, 8.799990e-02, 2.624535e-01, 2.2363, 570261.5314, 2.934303e-01, 3.0737, 3.967172e-07, 64.3551, nan, 60.1923, 56.3695, 55.2878, 53.0628
8506381, 8.791720e-02, 2.625565e-01, 1.0755, 570224.2525, 2.941352e-03, 2.2431, 1.241984e-06, nan, 52.7112, 51.4550, nan, 50.5084, 50.9173
8417951, 8.774473e-02, 2.627929e-01, 4.6716, 570235.2899, -1.924721e-01, -0.1670, 4.116604e-08, 40.5616, 40.4425, 33.9152, 31.6512, 31.1603, 31.0997
4472125, 8.782462e-02, 2.627983e-01, 1.3380, 570097.4008, 3.949062e-01, -7.3400, 7.270013e-07, nan, 34.5474, 31.6543, nan, nan, nan
