#snid, snra, sndec, z, t0, c, x1, x0, mag_u, mag_g, mag_r, mag_i, mag_z, mag_y
7263698, 8.575438e-02, 2.610334e-01, 3.5136, 570097.4849, 4.346194e-01, 3.3698, 1.107846e-07, 49.1228, 50.2046, nan, nan, nan, 37.7027
12137579, 8.574557e-02, 2.609581e-01, 0.6338, 570091.4656, -2.087904e-01, -1.9916, 1.065111e-05, 26.1650, 25.9534, 26.3940, 25.8243, 25.2160, 25.2189
101379, 8.586001e-02, 2.608611e-01, 0.4179, 570236.2527, -2.209909e-01, 1.6359, 1.552205e-05, 48.1362, nan, 48.7918, 49.0497, 49.1628, 48.7094
9202044, 8.578756e-02, 2.609514e-01, 2.2909, 570075.0486, 2.474262e-01, 0.9735, 2.344067e-07, nan, 41.5865, nan, nan, nan, 32.0111
7194718, 8.614067e-02, 2.608921e-01, 1.4113, 570146.8280, 7.072162e-02, -4.6059, 9.211602e-07, 36.2784, 31.7920, 28.9065, nan, 26.8113, 26.1557
6065274, 8.584370e-02, 2.612235e-01, 0.6203, 570158.2482, -2.207928e-01, -0.5361, 7.394601e-06, 28.1974, 25.0768, 23.3965, 23.2495, 23.2341, 23.4098
45616, 8.534903e-02, 2.609907e-01, 0.5016, 570132.2989, 9.148908e-02, 2.7805, 7.349031e-06, 28.9623, 26.9523, 24.8499, 23.9642, 23.6007, 23.5911
2045958, 8.533871e-02, 2.607300e-01, 1.9977, 570089.8790, 5.355234e-02, -3.6435, 2.860411e-07, 38.1683, 36.3535, 31.8153, 30.8532, 30.5292, 33.3949
10342097, 8.896703e-02, 2.607238e-01, 1.1275, 570117.6414, -5.517173e-01, 5.7414, 1.414066e-06, 23.1437, 23.6304, 24.8624, 26.0498, 25.6082, 25.5563
15816490, 8.908595e-02, 2.605999e-01, 1.2994, 570159.3817, 1.517792e-01, 3.7115, 1.202910e-06, 33.8626, 31.3843, 28.0422, 25.9438, 24.8504, 24.4965
12221542, 8.898240e-02, 2.635316e-01, 3.4655, 570248.6627, -3.613803e-01, -0.2162, 5.078658e-08, nan, nan, nan, nan, nan, nan
17357122, 8.548443e-02, 2.606276e-01, 2.5711, 570233.6168, 3.961262e-02, -0.5245, 1.621600e-07, nan, nan, nan, nan, nan, nan
16574467, 8.487367e-02, 2.612660e-01, 1.9944, 570146.8390, -1.499786e-01, -5.2141, 3.448102e-07, 32.2421, 30.7819, nan, nan, nan, nan
15953230, 8.515362e-02, 2.607274e-01, 0.2338, 570138.3565, 6.388533e-01, 0.2007, 6.083237e-05, 28.4762, 23.8521, 21.8261, 20.8788, 20.9440, 20.8375
7010511, 8.569354e-02, 2.638673e-01, 0.6865, 570100.8358, -1.543436e-01, -0.7837, 1.160999e-05, 27.4747, 26.5896, 26.0854, 25.3958, 24.9023, 24.4736
8481405, 8.582894e-02, 2.639030e-01, 1.0233, 570183.9928, 3.242840e-01, 4.7105, 1.392189e-06, 33.6539, nan, 26.8593, 24.7597, 24.5334, 24.3472
6642785, 8.487233e-02, 2.609397e-01, 0.5162, 570248.5580, 3.414018e-02, -0.2072, 1.562124e-05, nan, nan, nan, 50.3506, 49.6960, 49.0671
3353584, 8.508039e-02, 2.606621e-01, 2.0790, 570240.3132, -2.170236e-01, 4.4783, 3.254859e-07, nan, nan, 51.3847, 50.1759, 51.9925, 50.2927
6425989, 8.953957e-02, 2.604068e-01, 0.3384, 570194.4992, 5.301086e-01, -1.1888, 3.210934e-05, nan, nan, nan, 32.5924, 31.4456, 30.8670
4517009, 8.495448e-02, 2.609818e-01, 0.3664, 570156.9991, 5.190028e-01, 0.6055, 2.757619e-05, 29.5065, 23.4681, 21.9447, 21.2954, 21.2138, 21.5091
12684012, 8.629696e-02, 2.639783e-01, 2.6112, 570109.0222, -6.387793e-01, -1.5505, 1.321475e-07, nan, nan, nan, nan, nan, nan
2279785, 8.493931e-02, 2.610566e-01, 1.1003, 570206.1172, -7.362969e-02, 1.8983, 1.371566e-06, nan, 30.3581, 29.7170, nan, 29.0038, 29.4897
13067087, 8.502174e-02, 2.608630e-01, 1.5686, 570160.1359, 4.462592e-02, -0.2851, 6.813518e-07, 33.2573, 31.7991, 30.3780, 27.6055, 26.2348, 25.4861
6197349, 8.529076e-02, 2.605332e-01, 1.0468, 570228.8672, 2.991030e-02, -0.1135, 1.828639e-06, nan, nan, nan, nan, 54.4482, 53.6824
17081836, 8.944301e-02, 2.632862e-01, 2.1173, 570139.3507, 2.558385e-01, 4.4156, 2.576093e-07, 39.8689, 39.6818, nan, nan, 33.7734, 28.1597
3672602, 8.635593e-02, 2.602747e-01, 1.4364, 570156.9855, -5.860795e-01, -2.1242, 7.300005e-07, 19.1847, 21.4913, nan, 25.5564, 25.3310, 24.9916
7817980, 8.632466e-02, 2.607879e-01, 0.5876, 570078.4318, 1.801572e-02, -1.1153, 7.661675e-06, 30.9316, 28.7296, 26.8434, 25.9679, 25.2253, 25.1558
13528742, 8.572480e-02, 2.604360e-01, 1.1066, 570148.8763, -2.844646e-01, -0.7448, 1.594557e-06, 29.4327, 27.1142, 26.6038, 25.4450, 24.8376, 24.8051
2442775, 8.573487e-02, 2.605085e-01, 3.0565, 570131.1740, -1.608110e-01, -1.6251, 1.561638e-07, 39.8314, 35.0408, 33.5608, 33.1745, 29.8745, 29.1612
7300361, 8.615598e-02, 2.638981e-01, 3.3820, 570155.5615, -3.265923e-01, 0.4793, 1.098337e-07, 34.7523, 27.8313, 26.0167, 26.3465, 26.6928, 27.2120
13926415, 8.513366e-02, 2.609316e-01, 2.4608, 570094.3072, -2.723738e-01, 2.2499, 2.713341e-07, nan, nan, nan, nan, nan, nan
12597716, 8.939700e-02, 2.607343e-01, 2.0245, 570258.7521, 8.046560e-02, -6.5438, 4.212795e-07, nan, nan, nan, nan, nan, nan
16310453, 8.570951e-02, 2.605275e-01, 1.8089, 570131.8574, -3.931438e-01, -5.1409, 3.924665e-07, nan, nan, nan, nan, nan, nan
3887673, 8.935108e-02, 2.606968e-01, 0.3123, 570256.2284, 2.357219e-01, 4.6991, 3.266761e-05, 50.6481, 49.2747, 46.9178, 47.2042, 46.5176, 47.4441
2817638, 8.635024e-02, 2.604599e-01, 0.5017, 570086.8176, 6.160631e-02, -2.1084, 1.642847e-05, 29.1374, 27.9462, 25.9826, 25.0153, 24.4879, 24.6053
16484622, 8.608676e-02, 2.607337e-01, 2.3599, 570247.4406, 1.476910e-01, -1.1800, 2.253361e-07, nan, nan, nan, nan, nan, nan
5830763, 8.562269e-02, 2.613770e-01, 2.8756, 570180.6081, 5.273409e-02, -0.1654, 1.785279e-07, 40.3209, 34.8446, 33.1717, 32.0300, 31.2366, 30.8731
4188292, 8.651178e-02, 2.608644e-01, 1.7869, 570104.5379, -4.537999e-01, 0.6423, 4.621938e-07, 25.9508, 26.7851, 27.8970, 27.8345, 28.2127, 27.8281
8277490, 8.652553e-02, 2.608568e-01, 2.4477, 570222.1344, 1.414436e-01, 0.6823, 2.230728e-07, 42.9565, 45.5027, 43.8790, 34.9607, 33.0920, 33.2100
331975, 8.611692e-02, 2.606486e-01, 0.8593, 570098.0137, -3.313707e-01, 0.9160, 3.034222e-06, nan, nan, 27.0346, 26.7834, 26.2855, 25.9980
17040958, 8.608780e-02, 2.605016e-01, 3.4322, 570228.9859, 1.870527e-02, 0.0210, 7.277111e-08, 44.2091, 39.8182, 36.7303, 35.6716, 34.9092, 34.2410
10155700, 8.907952e-02, 2.624292e-01, 1.1468, 570083.8227, 2.934688e-01, 2.9835, 1.407249e-06, 37.1265, nan, 30.0295, 29.0753, 27.3368, 26.7938
2036979, 8.600642e-02, 2.641022e-01, 1.8419, 570078.7730, 1.434379e-01, 2.4764, 6.026003e-07, 42.2107, 38.0629, nan, nan, 29.7781, 29.2723
14299627, 8.588032e-02, 2.640253e-01, 0.5053, 570170.1674, 2.658891e-01, -5.1042, 9.413500e-06, nan, 24.7616, 22.8851, 22.7066, 22.5051, 22.2102
4445519, 8.518349e-02, 2.612944e-01, 1.4626, 570173.8037, 1.288973e-01, -0.8554, 8.415983e-07, 33.8944, 32.2227, 30.7442, 26.8233, 25.5223, 24.9335
3014102, 8.518210e-02, 2.615199e-01, 0.9873, 570115.2551, -7.982119e-01, -0.1440, 1.766482e-06, 18.2445, 20.9329, 25.7977, 26.4562, 26.3046, 26.3124
10094272, 8.718700e-02, 2.595779e-01, 0.3774, 570213.5196, 2.930207e-01, -0.9939, 1.714658e-05, nan, nan, nan, 49.7880, 49.3167, 49.4493
1893271, 8.618244e-02, 2.600732e-01, 1.6996, 570211.5496, 6.857524e-02, 1.5418, 4.171349e-07, 40.6882, 38.2480, 31.8986, 31.0848, 29.5645, nan
7419099, 8.600030e-02, 2.640825e-01, 1.2852, 570154.8226, 2.570270e-01, -1.3942, 8.566244e-07, 35.3770, nan, 31.1423, 27.2723, 25.7132, 25.1579
10236177, 8.717805e-02, 2.638910e-01, 0.3333, 570194.0449, 3.267919e-01, -1.4364, 3.775277e-05, nan, nan, nan, 31.3046, 30.4626, 29.5412
3331209, 8.705100e-02, 2.639797e-01, 1.5452, 570190.9621, -4.050978e-02, -0.3172, 6.795418e-07, 31.1255, 29.8474, 28.7144, 27.3352, 26.3187, 25.9529
15352105, 8.671758e-02, 2.611568e-01, 3.9480, 570079.1464, -2.760000e-01, -3.7681, 6.810769e-08, nan, nan, nan, nan, nan, 30.3650
7253194, 8.932303e-02, 2.626019e-01, 0.9883, 570176.1446, 2.854436e-01, -5.4925, 1.866723e-06, 33.3589, nan, 26.6948, 25.2589, 24.3531, 24.5339
4519282, 8.923195e-02, 2.623808e-01, 1.8576, 570241.4995, -1.463841e-01, 1.1978, 3.117068e-07, nan, nan, 53.3464, 52.9344, 52.7682, nan
5726771, 8.549200e-02, 2.612139e-01, 0.8754, 570143.5813, 4.026724e-01, -3.4163, 2.310833e-06, 34.9566, 32.2394, 29.3244, 26.5408, 25.0740, 24.4858
156051, 8.578443e-02, 2.621624e-01, 0.1552, 570199.5883, 1.124126e-01, -1.2414, 1.045695e-04, nan, nan, 50.3248, 48.4589, nan, nan
9695094, 8.573728e-02, 2.620459e-01, 0.9398, 570248.2730, 2.572400e-01, -2.6662, 1.613509e-06, nan, nan, nan, nan, nan, nan
9780061, 8.665447e-02, 2.599213e-01, 1.4135, 570210.3020, -3.414941e-01, -1.0391, 9.238510e-07, nan, nan, nan, nan, nan, nan
13930732, 8.656579e-02, 2.599824e-01, 0.9892, 570166.9558, -3.581027e-02, -4.0445, 2.455224e-06, 28.9514, 28.2791, 25.8398, 24.1933, 23.7716, 24.0254
2673376, 8.890548e-02, 2.630002e-01, 1.1322, 570118.7914, 1.663724e-01, 5.8424, 1.469537e-06, 35.3400, 30.9688, 33.7534, 26.9309, 25.6885, 25.3037
13616161, 8.537415e-02, 2.622440e-01, 3.7774, 570254.6506, 1.044637e-02, -3.4384, 7.740968e-08, nan, nan, nan, nan, nan, nan
7220831, 8.567151e-02, 2.621294e-01, 3.2777, 570193.3489, -4.762186e-01, 5.9902, 1.061524e-07, 30.7958, 22.8821, 21.8579, 22.8475, nan, nan
14315752, 8.679163e-02, 2.597874e-01, 2.1497, 570160.2152, -1.249066e-01, 3.2500, 2.986179e-07, 31.9174, 29.7591, 29.4386, 29.2035, 27.6697, 26.5083
15666728, 8.685705e-02, 2.599382e-01, 2.6894, 570190.9976, 2.060199e-01, -2.4083, 1.928654e-07, 41.3739, 37.8218, 35.7188, 33.0982, 31.8368, 31.3674
1555401, 8.671987e-02, 2.600179e-01, 1.0776, 570133.3370, 5.916375e-01, -3.7238, 1.641107e-06, 37.0730, 35.4997, 32.8733, nan, 28.3604, 25.9215
13498792, 8.572311e-02, 2.616105e-01, 1.7529, 570162.2298, 5.437685e-01, -2.6718, 5.414473e-07, 38.0863, 38.0860, 36.2115, 31.7707, 28.8677, 26.8321
13818104, 8.891088e-02, 2.627046e-01, 2.0783, 570183.9041, -4.461245e-01, -0.2209, 5.298141e-07, 21.9752, 21.4415, 22.6863, 24.3192, 24.8027, 24.8128
5037471, 8.487276e-02, 2.624478e-01, 2.5639, 570229.6240, -1.593156e-02, 4.3776, 1.433629e-07, 40.4755, nan, nan, 31.8226, 30.6529, 30.8509
12429071, 8.511385e-02, 2.622849e-01, 1.6506, 570082.8682, -1.541734e-01, 1.4276, 4.628258e-07, 33.2839, 36.6338, nan, nan, 29.6838, 28.6073
3638325, 8.507688e-02, 2.622929e-01, 0.6306, 570267.1515, -5.961564e-01, 0.8309, 6.705287e-06, 45.0910, 47.3646, nan, 50.1306, 50.4909, 50.6244
7189319, 8.914963e-02, 2.625729e-01, 1.4908, 570234.7952, 2.906985e-02, 1.0341, 4.775573e-07, nan, 57.7904, 54.3293, 53.4408, nan, nan
14569271, 8.667003e-02, 2.639117e-01, 1.4608, 570153.5986, 1.033074e-01, 2.1526, 7.859710e-07, 34.5930, 32.1803, 29.5303, 27.1992, 25.8354, 25.1683
13927232, 8.628429e-02, 2.616778e-01, 2.4602, 570153.2368, 1.810587e-01, -2.5620, 1.787670e-07, 44.2541, 37.9594, 35.9643, nan, nan, 31.8016
16663476, 8.619253e-02, 2.617759e-01, 1.4341, 570178.9647, 3.004332e-01, -1.1788, 4.464733e-07, 36.1315, 34.7708, 31.9640, 27.9944, 26.6637, 25.7169
2561031, 8.536483e-02, 2.600166e-01, 1.4986, 570256.0919, 1.577406e-01, 1.2540, 9.415220e-07, nan, 58.2971, 54.5971, 52.8507, nan, 54.6997
15131771, 8.515662e-02, 2.621975e-01, 2.4539, 570078.4618, 3.226191e-01, 2.4732, 2.672306e-07, nan, 43.3670, 40.4757, nan, nan, nan
12975384, 8.678285e-02, 2.605085e-01, 0.3333, 570258.6009, 4.389266e-01, -1.5807, 4.182141e-05, nan, nan, nan, 50.4180, 49.3142, 48.0639
4670374, 8.906795e-02, 2.626305e-01, 1.6600, 570150.8860, 1.734387e-01, 2.0145, 6.048394e-07, 36.3125, 35.0596, 31.3112, 28.6819, 27.1701, 25.9258
9565925, 8.546066e-02, 2.620510e-01, 0.7192, 570111.5816, -3.534575e-01, 5.1285, 4.701988e-06, nan, nan, 26.5942, 25.3481, 24.8856, 24.3932
3849243, 8.608863e-02, 2.615425e-01, 1.2214, 570175.1527, 4.602906e-01, 1.1460, 7.988777e-07, 34.9252, 34.5431, 29.2567, 26.4423, 25.2103, 24.9595
5179639, 8.689282e-02, 2.603857e-01, 0.1945, 570186.2360, -5.922522e-03, 3.5542, 8.637123e-05, 23.3461, 23.2197, 22.6558, 22.6577, 23.1384, 22.6670
17026390, 8.713202e-02, 2.602441e-01, 1.3812, 570258.8600, -1.685681e-02, 1.5444, 8.275508e-07, nan, 54.7498, 53.1499, 52.4256, nan, 51.5627
5806714, 8.714677e-02, 2.602884e-01, 2.0252, 570109.1510, 2.746034e-01, 3.2098, 1.885697e-07, nan, nan, nan, nan, nan, 29.8412
4109192, 8.693522e-02, 2.594427e-01, 0.7852, 570139.2992, 1.528553e-01, 1.9692, 3.960100e-06, 33.0485, 30.4621, 25.8537, 24.4296, 24.1769, 23.8491
10936135, 8.603245e-02, 2.613251e-01, 1.7930, 570121.3888, 1.810702e-01, 2.8303, 7.054938e-07, 39.4414, nan, nan, nan, 28.2628, 27.3124
4866640, 8.595454e-02, 2.615160e-01, 0.8410, 570108.1821, -3.311084e-02, -3.8254, 4.273947e-06, 29.6694, 26.9096, 29.4379, 27.1704, 27.1915, 26.6128
4507394, 8.562110e-02, 2.598706e-01, 1.8043, 570255.4075, 2.733665e-01, 0.0795, 3.708831e-07, nan, nan, nan, nan, nan, nan
10234971, 8.708888e-02, 2.605597e-01, 1.1870, 570103.8280, 1.214309e-01, 1.0082, 1.200833e-06, 36.3031, nan, 30.9615, 28.6601, 27.3026, 26.7701
14706941, 8.589278e-02, 2.613942e-01, 1.7861, 570149.6568, -2.761401e-01, -3.9572, 5.817353e-07, 27.6140, 27.4045, nan, nan, nan, 26.5176
2271253, 8.640677e-02, 2.609002e-01, 1.2701, 570092.9624, -2.329804e-01, -3.7912, 1.689621e-06, 30.3259, 26.4707, 25.9920, nan, 27.3941, 28.1675
6236156, 8.635023e-02, 2.611432e-01, 1.3623, 570128.6507, -4.586923e-02, -1.3040, 5.438211e-07, nan, 34.1060, 30.4592, 29.0342, 27.9252, 27.2417
7320065, 8.479830e-02, 2.608840e-01, 1.3149, 570233.4656, 1.887218e-01, 2.1749, 7.653553e-07, nan, 56.6780, 55.0365, nan, nan, 50.9277
11976133, 8.530434e-02, 2.603090e-01, 2.1497, 570107.8171, -2.310940e-01, 3.4469, 2.362292e-07, nan, nan, nan, nan, nan, 29.5139
3083356, 8.527920e-02, 2.602009e-01, 1.4119, 570257.7202, -4.566816e-01, -0.6157, 5.701077e-07, nan, nan, nan, nan, nan, nan
1731151, 8.708790e-02, 2.601147e-01, 0.9244, 570251.4288, -1.133361e-01, 4.0569, 1.902274e-06, nan, 50.3093, 52.2980, 50.3455, 49.8395, 50.0119
11546924, 8.712626e-02, 2.600743e-01, 1.3644, 570096.6112, 2.939020e-01, 1.5419, 6.964017e-07, 38.4545, nan, nan, 30.4136, 28.6436, 27.6387
15657291, 8.957493e-02, 2.626166e-01, 2.5516, 570220.5856, -2.108159e-01, 0.0514, 1.182045e-07, 37.7729, 33.5012, 32.8260, 32.2194, 32.3718, 31.4551
15894294, 8.482568e-02, 2.622177e-01, 1.2838, 570254.1194, 6.256820e-01, 0.7459, 1.270963e-06, nan, 62.1165, 58.5949, nan, nan, 51.4564
11268353, 8.626103e-02, 2.611203e-01, 2.4938, 570081.9556, -1.296077e-01, -1.7392, 1.839934e-07, 36.8321, 33.4018, 32.8512, 30.9863, nan, 32.3820
7963142, 8.628672e-02, 2.611962e-01, 2.8331, 570134.5947, 7.696914e-02, -2.1407, 2.361777e-07, 41.7133, 38.9687, 37.1891, 34.4228, 32.0023, 30.9236
15740257, 8.477305e-02, 2.609979e-01, 1.3804, 570094.2498, 6.137170e-01, -1.6286, 8.351366e-07, 38.9710, 38.5122, 34.0971, 31.7759, 29.2648, 28.1584
13424974, 8.475247e-02, 2.610674e-01, 1.0558, 570259.9385, 1.209192e-01, -0.4891, 1.493830e-06, nan, nan, nan, nan, nan, nan
3939960, 8.648725e-02, 2.606328e-01, 1.6187, 570137.5739, 3.702954e-01, -2.4087, 7.807981e-07, 38.3383, 37.9004, 33.9991, 32.1346, 29.7686, 26.9011
901821, 8.490032e-02, 2.621992e-01, 0.8191, 570193.4851, -2.605481e-01, -3.1083, 3.417297e-06, 25.4730, 25.5210, nan, nan, nan, 27.3521
10797934, 8.489481e-02, 2.615558e-01, 2.7298, 570195.1752, 2.682724e-01, -2.2835, 1.661252e-07, 42.1715, 39.6392, 37.3009, 34.1895, 32.4029, 31.7728
13300722, 8.680214e-02, 2.594677e-01, 2.5529, 570264.8501, -5.782398e-01, 4.8422, 1.835597e-07, nan, nan, nan, 46.0422, 46.5928, 48.1710
16477464, 8.481251e-02, 2.613321e-01, 2.2230, 570193.9301, 4.251374e-02, 0.8418, 2.042536e-07, 36.5586, 33.5483, 32.6907, nan, 29.8758, 27.9134
5534899, 8.467424e-02, 2.614255e-01, 1.6665, 570198.4406, 1.737878e-02, -1.4945, 7.010967e-07, 33.5172, 31.6287, 28.3181, 30.6465, 27.9531, 27.5781
4758680, 8.660876e-02, 2.605730e-01, 2.0998, 570117.6923, -6.140849e-02, 3.7510, 4.782444e-07, nan, nan, 33.6921, 29.4151, nan, 27.4590
3162803, 8.657032e-02, 2.600696e-01, 0.4373, 570092.7603, -2.383062e-01, -1.3441, 1.415316e-05, 26.1688, 26.9842, 25.8092, 25.1733, 25.0436, 25.3949
15369355, 8.496583e-02, 2.615926e-01, 1.2643, 570169.9652, -3.941897e-02, 3.3529, 8.610942e-07, 30.2366, 28.6711, 26.6280, 25.4784, 24.9178, 24.8102
8452729, 8.501070e-02, 2.615886e-01, 0.9444, 570133.8978, 5.955907e-01, 3.8585, 2.402613e-06, 34.0104, nan, 28.0051, 25.3684, 24.5216, 24.2246
11976170, 8.916893e-02, 2.628036e-01, 2.0927, 570198.6095, -1.840533e-01, 1.7961, 4.237321e-07, 29.8860, 28.2373, nan, nan, 26.8932, 26.1876
12406692, 8.911492e-02, 2.628939e-01, 3.1181, 570194.7355, 5.023288e-02, -2.4784, 6.600102e-08, 41.2051, 36.3725, 34.2783, 33.2389, 31.3752, 30.8855
12170800, 8.860296e-02, 2.609952e-01, 1.5010, 570102.2798, 9.954569e-02, 5.5942, 3.749202e-07, 37.4737, nan, nan, 31.5287, 28.7480, 27.6698
3874224, 8.863191e-02, 2.609085e-01, 0.3126, 570082.2405, 4.340950e-02, -4.8666, 4.396849e-05, 25.2520, 26.8624, 25.4081, 24.3476, 25.3696, 24.7634
9955934, 8.641226e-02, 2.594435e-01, 1.3293, 570246.4854, 1.989852e-01, 2.5597, 1.078887e-06, nan, 56.3263, 54.6513, 55.8457, nan, 50.4204
6436153, 8.821587e-02, 2.611891e-01, 1.2932, 570131.1805, -1.281142e-01, 4.4977, 1.273630e-06, nan, 28.8662, 30.3038, 26.2210, 25.2944, 25.0165
3677901, 8.805353e-02, 2.612732e-01, 1.5058, 570071.8321, 2.964883e-01, -3.1873, 7.677287e-07, nan, 36.2675, 31.3728, nan, 29.5141, 28.7400
8696019, 8.641925e-02, 2.640485e-01, 0.5897, 570149.7743, 2.280941e-01, -2.6569, 8.317872e-06, 30.6717, 30.7495, 24.6224, 23.6136, 23.1749, 23.1699
14840917, 8.646263e-02, 2.602213e-01, 1.6530, 570114.9113, -5.539753e-02, 0.3360, 3.455187e-07, nan, nan, nan, nan, 28.9772, 28.2201
16222305, 8.663496e-02, 2.600759e-01, 0.4582, 570252.7835, -1.658188e-01, 7.5398, 1.308426e-05, 47.0424, 48.7562, 47.5698, 47.9250, 48.0350, 47.6555
6006251, 8.527824e-02, 2.616698e-01, 0.9898, 570256.5844, -2.968820e-01, -5.1840, 1.655857e-06, nan, nan, nan, 53.5152, nan, nan
4636419, 8.943491e-02, 2.628750e-01, 1.2405, 570108.0566, 2.542702e-01, 1.3662, 2.303579e-06, 36.1994, nan, 31.4176, 28.1354, 26.4635, 25.9345
9260760, 8.635687e-02, 2.640507e-01, 0.7871, 570107.2226, 1.845460e-01, -4.4734, 4.300237e-06, 32.2451, 28.8029, 28.5981, 27.3451, 29.4670, 26.3646
12709241, 8.523197e-02, 2.615930e-01, 0.9932, 570226.9719, -1.086083e-01, 0.6029, 1.703682e-06, nan, 52.7146, nan, nan, 51.5129, 51.4612
12257332, 8.941571e-02, 2.628746e-01, 1.3121, 570124.0358, -3.799848e-01, 2.3827, 5.430470e-07, nan, nan, nan, 27.3444, 26.8392, 26.5458
2803519, 8.815697e-02, 2.609491e-01, 0.4773, 570105.0786, -2.075054e-01, -1.1838, 1.142924e-05, 25.8224, 26.6267, 25.8568, 25.2310, 25.0021, 25.0157
12357221, 8.640223e-02, 2.598612e-01, 1.7172, 570181.8101, -4.939887e-02, -0.7370, 5.913168e-07, 30.7580, 29.6691, 28.7650, 27.4735, 26.1816, 25.6945
7419416, 8.910977e-02, 2.608988e-01, 0.3829, 570233.6911, -8.582583e-02, -0.1119, 2.117931e-05, nan, nan, 51.9519, 49.3199, 49.1612, 49.1657
1308836, 8.519622e-02, 2.619254e-01, 0.4969, 570158.4569, -5.124725e-01, 1.1359, 1.303878e-05, 21.2041, 22.6193, 22.5705, 22.9043, 23.1545, 23.5891
4461972, 8.725839e-02, 2.622120e-01, 0.1144, 570234.2146, 1.294810e-01, -2.9017, 3.632414e-04, nan, nan, nan, nan, nan, 45.9101
1975652, 8.927204e-02, 2.610843e-01, 0.9048, 570249.1785, 3.708702e-01, -1.0575, 3.159556e-06, nan, nan, nan, nan, nan, 51.8320
3570452, 8.930455e-02, 2.610521e-01, 2.5717, 570236.8279, -2.165984e-01, -0.2196, 1.455871e-07, nan, nan, nan, nan, nan, nan
11459460, 8.594130e-02, 2.597717e-01, 1.0684, 570193.3914, -2.178855e-01, -0.4008, 1.751689e-06, 27.3182, 26.3198, 27.0723, 26.1062, 25.7952, 25.9804
8124234, 8.742557e-02, 2.620351e-01, 1.9727, 570260.1437, 2.892062e-01, -2.7549, 1.620223e-07, nan, nan, nan, nan, nan, nan
10846664, 8.738383e-02, 2.620329e-01, 2.0446, 570091.4752, -4.859501e-01, -2.6855, 1.953237e-07, 25.3059, 25.3348, 25.4370, 26.6946, 28.4103, 29.3120
3352379, 8.896402e-02, 2.612307e-01, 0.4876, 570134.0366, 8.287823e-02, 0.3305, 1.104833e-05, 30.3675, 26.7096, 24.6602, 23.7740, 23.4007, 23.2898
2616528, 8.914746e-02, 2.611853e-01, 1.3320, 570170.9305, -6.246614e-02, 3.1591, 5.072704e-07, 30.3803, 29.0411, 27.2565, 26.1061, 25.5397, 25.2655
16665499, 8.739263e-02, 2.616689e-01, 1.4405, 570229.8610, 6.571201e-01, -2.2210, 5.774423e-07, nan, nan, nan, nan, nan, nan
1172534, 8.922185e-02, 2.608447e-01, 0.6241, 570249.0312, 3.200375e-01, 1.2868, 9.024311e-06, 55.8576, 51.7903, nan, 49.2254, 49.2887, 48.8339
1185081, 8.772073e-02, 2.618351e-01, 0.2127, 570235.4795, 2.296267e-01, 2.1104, 7.677209e-05, 48.7061, 48.5186, 46.9466, 46.5330, 46.7637, 46.4023
6072207, 8.918587e-02, 2.609064e-01, 0.6243, 570221.9054, -8.692540e-02, -1.1367, 6.265591e-06, nan, nan, nan, nan, 50.5858, 53.1819
2745746, 8.759109e-02, 2.616607e-01, 1.6836, 570126.7047, 3.249460e-01, 2.1003, 4.459795e-07, 38.4999, 38.9024, 33.6108, 32.3148, 28.8126, 27.5173
7256793, 8.550002e-02, 2.633800e-01, 3.3749, 570115.4685, 2.726311e-02, 4.6956, 8.746029e-08, nan, nan, nan, nan, nan, nan
13594393, 8.733732e-02, 2.618793e-01, 1.2629, 570085.8880, 1.074330e-01, 0.2547, 1.259678e-06, 37.0607, nan, 31.7203, 29.1479, 27.9415, 27.4154
3821204, 8.739883e-02, 2.619005e-01, 1.1105, 570222.2549, -2.881002e-01, 0.0545, 1.507280e-06, nan, nan, nan, nan, 54.4758, 52.5750
13418230, 8.964821e-02, 2.614821e-01, 1.0651, 570112.6943, 7.091828e-02, -0.3544, 1.542116e-06, 34.6645, 31.6078, 29.7821, 27.7754, 26.9368, 26.3342
13045441, 8.978389e-02, 2.612248e-01, 1.6135, 570126.1125, 2.260658e-01, -0.9268, 5.351619e-07, 38.8439, nan, nan, 31.3208, 29.0081, 27.7418
14149068, 8.736398e-02, 2.610250e-01, 1.1885, 570253.6184, -3.735755e-01, 0.8119, 2.278450e-06, nan, 49.5446, 50.0114, nan, 52.3832, 50.8970
12499082, 8.971820e-02, 2.613514e-01, 5.2653, 570255.3762, 1.697655e-01, 7.0897, 4.533122e-08, 50.3839, 50.6310, 46.7750, 42.5667, 40.6608, 39.7211
5959924, 8.739938e-02, 2.612716e-01, 0.7042, 570234.2500, -4.907441e-01, 0.1007, 5.871217e-06, nan, nan, nan, 51.8239, 50.7312, 50.9092
2683954, 8.884341e-02, 2.620159e-01, 1.1640, 570124.7920, 1.177739e-01, 0.6019, 1.411032e-06, nan, nan, 30.6875, 27.4993, 26.2176, 25.8132
14357301, 8.735680e-02, 2.611424e-01, 2.1870, 570074.0097, 3.564180e-01, -0.4272, 3.917439e-07, 42.7457, 42.2499, 38.6531, 35.1997, 33.4195, 31.6037
13343347, 8.535144e-02, 2.635922e-01, 1.7443, 570182.6229, -2.656526e-01, -3.6846, 3.267122e-07, 26.2320, 26.1822, 25.8549, 27.7675, 26.7012, 26.7001
13105928, 8.755169e-02, 2.610071e-01, 2.1586, 570078.2641, -3.706385e-01, -3.0700, 2.190819e-07, 28.8303, 27.9580, 26.4478, 25.4985, 27.3679, 29.3109
427637, 8.824501e-02, 2.642007e-01, 1.8726, 570110.6275, 2.815733e-01, -2.9598, 5.366629e-07, 39.7310, nan, 33.2253, 30.6431, 29.9758, nan
1811050, 8.740228e-02, 2.614394e-01, 1.8449, 570224.9982, 3.137984e-01, -2.2958, 4.859052e-07, 50.3175, 51.2655, 45.2289, 43.0821, 39.5933, nan
7848080, 8.540895e-02, 2.626379e-01, 0.5322, 570190.5900, -1.449417e-01, 0.1909, 9.280741e-06, 30.1563, 27.0784, 25.8109, 25.5378, 25.5791, 25.5608
8374504, 8.734662e-02, 2.639777e-01, 2.4614, 570146.8693, 3.631941e-02, -1.5718, 1.434849e-07, 40.1800, 35.6005, 34.2999, nan, nan, 31.2699
5338499, 8.791084e-02, 2.609784e-01, 1.7531, 570264.9201, -2.224476e-01, -2.8016, 7.578334e-07, nan, nan, nan, nan, nan, 50.8304
8517656, 8.536068e-02, 2.630898e-01, 1.0773, 570213.6794, 2.807309e-01, 2.0435, 1.442365e-06, 61.3477, 55.5749, 52.3482, nan, 50.4706, 50.7454
14447850, 8.941043e-02, 2.616703e-01, 1.8475, 570084.2406, 1.729693e-01, -0.7592, 8.417441e-07, 39.1868, 37.7896, 32.8490, 31.2188, 30.2548, 29.3991
11713640, 8.798385e-02, 2.610921e-01, 1.2100, 570069.5400, -2.565212e-01, -2.7792, 1.065153e-06, 31.3813, 27.2600, 26.5896, nan, 28.6006, 28.2560
11501263, 8.777292e-02, 2.611711e-01, 1.0066, 570138.3744, -3.262770e-01, -0.1448, 1.316639e-06, nan, nan, 27.2166, 26.0595, 25.7145, 25.5358
11536927, 8.895857e-02, 2.618611e-01, 4.3904, 570204.9530, -4.375001e-01, -1.8095, 3.890915e-08, 32.6333, 29.3217, 24.5410, 23.5495, 24.0989, 24.5913
14919348, 8.522158e-02, 2.627920e-01, 0.5158, 570150.5956, 4.928140e-03, 0.4850, 1.229420e-05, nan, 25.0527, 23.2829, 22.8883, 22.8606, 23.0749
2299439, 8.740769e-02, 2.642755e-01, 1.6404, 570214.0368, 1.597706e-01, -2.6428, 3.621261e-07, nan, nan, nan, nan, nan, nan
5735984, 8.726404e-02, 2.643908e-01, 2.1501, 570174.6448, -1.912065e-02, 0.1853, 4.122511e-07, 33.8038, 31.2875, 30.1959, 29.3856, 27.8092, 26.5619
3470207, 8.730267e-02, 2.642904e-01, 0.7593, 570244.0369, -1.004579e-01, 0.6151, 5.712886e-06, 54.1286, 51.7457, nan, 50.5106, 50.2042, 50.2257
2492551, 8.952214e-02, 2.615577e-01, 2.5241, 570079.6254, 5.816379e-01, -2.2326, 2.596307e-07, 46.2418, nan, 44.5023, 39.6438, nan, 34.9491
2206720, 8.958326e-02, 2.614724e-01, 1.2770, 570180.8944, 1.377850e-01, 0.4752, 6.424913e-07, 33.7488, 32.1324, 28.5985, 26.3709, 25.5691, 25.3167
6269853, 8.736902e-02, 2.643946e-01, 4.4463, 570135.9587, -3.185840e-01, 2.0795, 4.196259e-08, 37.0238, 34.5099, 29.4100, 27.9375, 28.0841, 28.4860
16786539, 8.772684e-02, 2.614152e-01, 1.6706, 570071.2760, 4.779392e-03, -4.4120, 3.789989e-07, 37.4939, 34.9081, 30.3804, 28.9543, nan, 30.5645
16259139, 8.917724e-02, 2.612592e-01, 3.3344, 570229.7247, 7.003866e-01, 1.6892, 5.368816e-08, nan, nan, nan, 49.4443, nan, nan
3639842, 8.952444e-02, 2.609973e-01, 0.6374, 570254.4542, -4.941826e-02, 2.3500, 9.196216e-06, 50.5848, 49.3892, nan, 48.6830, 49.4621, 48.9008
6892196, 8.566006e-02, 2.631329e-01, 0.6746, 570073.8360, -7.757687e-02, 0.3573, 4.974307e-06, nan, 29.8960, 27.3482, 26.3530, 25.7866, 25.4344
4117263, 8.569129e-02, 2.633020e-01, 0.8075, 570225.7933, 2.427156e-01, -2.9372, 2.085771e-06, nan, nan, nan, nan, nan, 51.6698
16633752, 8.944876e-02, 2.612589e-01, 2.4506, 570176.7177, -1.321108e-01, 2.1913, 1.677452e-07, 33.6270, 29.9518, 29.3964, 28.6118, 27.8674, 27.3720
11273750, 8.785715e-02, 2.642511e-01, 0.6325, 570197.9054, 1.540507e-02, 0.9184, 5.893177e-06, 31.4501, 30.0770, nan, 28.6357, 28.6994, 28.4789
2850673, 8.630948e-02, 2.631066e-01, 2.2042, 570084.9544, 2.445265e-01, 4.2985, 1.750254e-07, nan, 41.3952, nan, nan, nan, 32.2962
10010542, 8.874199e-02, 2.606476e-01, 1.3070, 570248.9912, 6.680941e-01, 2.4946, 1.014273e-06, nan, 61.3975, 58.2288, nan, nan, 50.5108
12920764, 8.621720e-02, 2.631140e-01, 1.1479, 570071.3376, 2.116911e-01, -2.1702, 1.157824e-06, 37.9235, 32.9413, nan, 29.4735, 28.3601, 27.8291
6261221, 8.619728e-02, 2.632417e-01, 0.4609, 570118.3891, -2.472021e-01, 4.5425, 1.471700e-05, nan, 26.7598, 24.6451, 23.7431, 23.4189, 23.4555
17063308, 8.603342e-02, 2.631688e-01, 1.7508, 570129.9803, 3.381109e-01, 3.4474, 4.115879e-07, 38.6034, 38.6513, 33.6512, 32.9352, 28.5365, 27.5558
684688, 8.873889e-02, 2.606262e-01, 1.2661, 570209.1317, 1.077118e-01, 2.7493, 9.708128e-07, nan, 33.1813, 31.5151, nan, 31.1204, 28.8010
3986577, 8.601534e-02, 2.632379e-01, 1.5003, 570176.1301, -3.457494e-02, -4.2798, 4.565289e-07, 31.2054, 30.2505, nan, 27.8573, 26.2090, 25.8802
7908569, 8.604551e-02, 2.634623e-01, 0.8997, 570119.1538, -1.123992e-01, -3.8942, 1.916104e-06, 30.1387, 27.7685, 28.9896, 28.5329, 28.1507, 27.1058
3295192, 8.599895e-02, 2.634395e-01, 3.1109, 570130.8130, 9.614467e-02, -3.7079, 1.024548e-07, 42.9300, 41.6034, 39.4674, 38.1711, 33.3091, 31.7888
928787, 8.915433e-02, 2.622712e-01, 0.6850, 570181.6011, 2.236711e-01, -0.7104, 2.836678e-06, 31.1559, 27.5553, 25.0475, 24.5161, 24.4625, 24.3070
4198093, 8.788465e-02, 2.640850e-01, 1.9043, 570153.5003, -1.855290e-02, 3.6654, 3.447925e-07, 34.0274, 32.4108, 29.7245, 28.3784, 27.0993, 26.8265
12563852, 8.953057e-02, 2.619315e-01, 2.8728, 570116.8067, 2.390360e-01, 1.2896, 1.885383e-07, 44.5597, nan, nan, 40.0310, 35.0050, 33.1839
14488641, 8.878766e-02, 2.604000e-01, 1.9909, 570131.2766, -6.547054e-02, 0.8758, 1.976264e-07, nan, nan, nan, nan, 30.2527, 28.2450
208363, 8.878175e-02, 2.602707e-01, 0.5383, 570203.0289, 5.864269e-02, 2.7417, 9.317479e-06, 51.2188, nan, 49.2508, 48.8551, 48.9244, 48.8224
14675458, 8.501133e-02, 2.632346e-01, 1.3071, 570140.8963, -5.907665e-02, 1.9595, 1.240239e-06, nan, nan, nan, 26.2342, 25.3833, 24.9105
10395273, 8.555750e-02, 2.631467e-01, 0.2916, 570096.9112, 1.803481e-01, -6.4028, 3.890219e-05, 26.2831, 27.0377, 26.4636, 25.1224, nan, 26.0220
17185217, 8.692515e-02, 2.642216e-01, 3.1836, 570168.6948, -4.776546e-01, 0.5449, 1.054172e-07, 30.7987, 22.9778, 22.1862, 23.1954, 24.1569, 25.0776
6691289, 8.866534e-02, 2.605742e-01, 0.5487, 570094.7443, -3.426186e-03, -1.7625, 6.707605e-06, 29.2442, 28.3812, 26.9296, 26.0804, 25.3637, 25.4691
9639600, 8.870104e-02, 2.604899e-01, 2.4328, 570264.9560, 2.445641e-01, -0.5233, 2.153153e-07, nan, nan, nan, nan, nan, nan
4415618, 8.931370e-02, 2.620093e-01, 1.0359, 570227.2348, -9.580223e-02, 0.5854, 1.634526e-06, nan, 52.9683, 53.3980, nan, 51.5201, 51.6629
14533406, 8.706357e-02, 2.642113e-01, 2.4672, 570141.5669, -3.194475e-01, -5.2186, 1.875748e-07, 31.1398, 28.0833, 28.3339, nan, nan, 29.6001
10999929, 8.706681e-02, 2.640910e-01, 0.4467, 570104.9738, 8.506069e-02, 3.2703, 1.436503e-05, nan, 26.7553, 25.0460, 24.2022, 23.7550, 23.7470
8907270, 8.752539e-02, 2.605806e-01, 0.8843, 570132.9268, -5.468997e-01, -0.4396, 3.868513e-06, nan, 23.2294, 25.3710, 25.2766, 24.9853, 24.9144
16397139, 8.759752e-02, 2.606665e-01, 1.6073, 570220.7323, -1.563392e-01, -4.7570, 6.004018e-07, nan, nan, nan, nan, nan, nan
17166398, 8.539633e-02, 2.632646e-01, 2.4631, 570155.9763, 2.297581e-01, 2.1014, 1.189630e-07, 41.5549, 39.2180, 37.0209, 34.6525, 32.6987, 30.5784
3822832, 8.591843e-02, 2.626788e-01, 1.1290, 570245.8037, 1.115426e-01, -0.7062, 2.162073e-06, nan, nan, nan, nan, nan, nan
14376718, 8.783381e-02, 2.602979e-01, 2.3315, 570267.9628, 1.613824e-01, -2.5077, 2.674693e-07, nan, nan, nan, nan, nan, nan
1678102, 8.799751e-02, 2.602666e-01, 1.8449, 570122.7791, 1.899702e-02, 0.1148, 3.517371e-07, nan, nan, nan, nan, 29.3281, 28.4063
6700621, 8.797338e-02, 2.607891e-01, 2.2202, 570089.3311, -1.169613e-01, -3.6631, 1.896942e-07, 35.6842, 33.5670, 32.0686, nan, nan, 29.9014
5429602, 8.705170e-02, 2.624318e-01, 1.1908, 570246.2169, 6.540426e-02, -2.0300, 7.478034e-07, nan, nan, nan, nan, nan, nan
3524573, 8.927602e-02, 2.621317e-01, 1.8860, 570203.5058, 8.666526e-02, -3.4291, 3.169988e-07, 37.2327, 34.9085, 30.0199, 29.6170, nan, 29.3350
6884754, 8.689398e-02, 2.624317e-01, 2.4449, 570100.6957, -1.659890e-01, 1.0969, 2.692076e-07, nan, nan, nan, nan, nan, nan
8840792, 8.660016e-02, 2.629079e-01, 1.2490, 570079.9535, -7.272770e-02, 0.7304, 9.714784e-07, 34.7845, nan, nan, 28.8757, 28.0581, 27.6918
14938223, 8.647253e-02, 2.627509e-01, 2.1884, 570087.4383, 6.782127e-02, 0.9106, 3.432337e-07, 39.4572, 36.8053, nan, nan, 32.8361, 30.6309
3847220, 8.655068e-02, 2.627536e-01, 1.1754, 570186.0451, -1.996794e-02, 4.0882, 6.996996e-07, 30.9264, nan, 26.8432, 25.6482, 25.1785, 25.2435
3863000, 8.881126e-02, 2.599115e-01, 1.2565, 570159.3213, -4.017555e-01, 4.1513, 1.151870e-06, 23.0403, 23.5441, 24.1050, 24.5531, 24.4822, 24.5673
7689455, 8.875283e-02, 2.598149e-01, 1.6015, 570131.0536, -3.516464e-02, 3.1782, 4.947371e-07, nan, 33.1200, 28.7060, 28.9170, 27.2298, 26.4688
12440001, 8.676479e-02, 2.624922e-01, 1.6139, 570255.9021, -1.213377e-02, -2.2057, 5.842256e-07, nan, nan, nan, nan, nan, nan
2204128, 8.639566e-02, 2.630239e-01, 0.3661, 570267.9245, -2.418910e-01, -0.3069, 1.912046e-05, nan, nan, nan, 49.7407, 49.5698, 49.7048
9623295, 8.816530e-02, 2.601853e-01, 1.0240, 570102.0385, -3.358391e-01, 2.2730, 1.562731e-06, 28.4572, nan, nan, 27.2194, 26.8046, 26.3181
15835839, 8.854963e-02, 2.600431e-01, 0.3416, 570160.2426, 3.393137e-01, -3.0243, 1.788242e-05, nan, 23.7993, 22.4096, 21.9745, 21.8410, 22.3085
11470004, 8.855324e-02, 2.600788e-01, 1.0414, 570214.3836, 4.228488e-01, -1.7484, 2.902849e-06, nan, nan, nan, nan, nan, nan
1839430, 8.822910e-02, 2.606230e-01, 1.1038, 570156.7557, 1.886870e-01, -0.2522, 1.363273e-06, 34.0174, 33.0067, 27.9876, 25.6831, 24.6830, 24.5451
15993841, 8.717383e-02, 2.623262e-01, 2.2535, 570210.4363, 1.052204e-01, 2.9998, 2.155385e-07, 40.7961, 36.7671, nan, nan, 32.7724, 28.5162
2686991, 8.709552e-02, 2.623246e-01, 1.2086, 570134.7157, 7.853697e-02, 2.2125, 1.624317e-06, 36.1526, 30.3366, 28.8345, 26.4554, 25.1720, 24.9802
13752878, 8.704909e-02, 2.622696e-01, 2.1981, 570197.4304, -3.393991e-01, 3.6176, 2.775987e-07, 26.5345, 25.0515, nan, nan, nan, 25.4231
6679631, 8.663458e-02, 2.622128e-01, 2.3115, 570199.0547, 4.170621e-01, -3.0161, 1.506800e-07, 44.2386, 42.5200, 38.2278, 33.8880, 32.8618, nan
12166619, 8.814615e-02, 2.604202e-01, 1.3978, 570088.7985, -4.492574e-02, -0.5244, 1.010033e-06, 34.9025, 31.9524, 29.8706, 29.5126, 28.3960, 27.6846
11455812, 8.683360e-02, 2.621936e-01, 3.4950, 570091.1788, 4.099142e-02, 2.2944, 7.023489e-08, nan, nan, nan, nan, nan, nan
11334544, 8.813052e-02, 2.599477e-01, 1.4698, 570129.2585, -4.068271e-01, -4.6909, 8.107554e-07, nan, nan, nan, 28.1474, nan, nan
2725359, 8.807864e-02, 2.598464e-01, 0.3092, 570169.4114, -3.466898e-01, 4.9153, 3.628303e-05, 20.8335, 21.2739, 21.5842, 21.9173, 22.6666, 22.9402
4866495, 8.805492e-02, 2.597538e-01, 0.8328, 570252.6572, 6.959975e-02, -0.1821, 3.498884e-06, nan, nan, nan, nan, 53.0605, 50.6903
2741812, 8.698528e-02, 2.620459e-01, 0.9243, 570245.6590, -6.830206e-02, 0.0478, 2.470292e-06, nan, nan, nan, nan, 52.4878, 51.3860
631872, 8.807023e-02, 2.595184e-01, 0.1334, 570204.5752, 4.098628e-01, -1.2537, 2.334551e-04, nan, nan, 48.8034, 46.6691, nan, nan
16380880, 8.995161e-02, 2.617494e-01, 1.1146, 570155.9139, 4.270938e-02, 4.2036, 1.238580e-06, 32.5221, 28.7037, 26.5886, 25.3557, 24.5446, 24.5986
10701810, 8.595798e-02, 2.621118e-01, 3.0955, 570091.4003, 2.627323e-01, 2.3928, 1.779916e-07, nan, nan, nan, nan, nan, nan
510847, 8.831502e-02, 2.595510e-01, 0.5506, 570148.8066, -2.252391e-01, -1.3259, 9.683552e-06, nan, 25.8047, 24.0070, 23.5131, 23.4836, 23.7167
11397366, 8.639147e-02, 2.618597e-01, 3.2153, 570084.0711, 2.060079e-03, 5.1770, 1.009822e-07, nan, nan, nan, nan, nan, nan
17273249, 8.639979e-02, 2.621079e-01, 2.9497, 570216.5807, 1.452591e-01, -0.6911, 2.079688e-07, 42.0119, 38.8979, 36.5689, 34.6903, 32.1352, 31.2642
691722, 8.637354e-02, 2.621460e-01, 0.2874, 570174.2915, -4.263126e-01, -2.5469, 5.665951e-05, 21.7997, 21.2052, 21.5020, 21.8931, 21.9798, 22.4526
8786539, 8.741620e-02, 2.602295e-01, 1.2243, 570200.5096, -1.644176e-02, 3.5593, 1.742899e-06, 33.7455, nan, 27.3907, 27.2603, 26.0265, 25.6203
15805930, 8.632927e-02, 2.621979e-01, 1.3849, 570141.8752, -1.023537e-01, -3.6249, 7.398677e-07, nan, 29.4805, 27.6254, nan, 26.8311, 26.8624
16158526, 8.609990e-02, 2.620762e-01, 2.5260, 570098.1290, -6.603864e-02, -2.2153, 2.614678e-07, nan, nan, nan, 29.6318, 28.4851, 28.5421
3023301, 8.693690e-02, 2.611151e-01, 0.9201, 570197.2900, -5.423955e-01, -0.6412, 2.879239e-06, 26.4111, nan, nan, nan, 28.0965, 27.7136
9479892, 8.843027e-02, 2.635048e-01, 1.9667, 570239.3096, -9.947131e-02, -1.3053, 2.118993e-07, nan, nan, nan, nan, nan, nan
15896314, 8.837969e-02, 2.637409e-01, 1.2751, 570249.2926, -2.455372e-01, -5.4011, 9.086296e-07, nan, nan, nan, nan, nan, nan
9702454, 8.700524e-02, 2.614845e-01, 0.9303, 570201.5087, -9.306007e-02, 0.1495, 3.800899e-06, nan, 31.4271, nan, nan, 29.4270, 28.5471
4555379, 8.748688e-02, 2.593429e-01, 1.1555, 570137.5671, -1.389109e-01, 1.4815, 2.624189e-06, nan, 27.3919, 26.8925, 25.5237, 24.4903, 24.4609
7160803, 8.715328e-02, 2.613797e-01, 1.4754, 570205.9585, -3.692279e-01, 1.6287, 6.860243e-07, nan, 28.2283, 26.9902, 27.2061, nan, 27.9808
3942218, 8.732277e-02, 2.595308e-01, 0.2957, 570205.1462, -5.644642e-02, 5.4159, 3.050204e-05, 48.0842, 48.3326, 47.0858, 47.6671, 46.9334, 47.8606
11512523, 8.732821e-02, 2.594163e-01, 1.2888, 570167.7469, 1.081840e-02, -1.8202, 1.116330e-06, 31.0665, 29.9878, 27.8074, 25.7849, 24.8748, 24.4832
1085049, 8.875134e-02, 2.634438e-01, 0.5849, 570202.6759, 4.857272e-01, -1.1915, 8.655682e-06, nan, nan, nan, nan, 49.9136, 50.1212
10921622, 8.676406e-02, 2.615617e-01, 1.7869, 570233.0732, -9.943793e-02, -0.5578, 6.861606e-07, nan, nan, nan, nan, nan, nan
4208144, 8.766553e-02, 2.595799e-01, 1.9914, 570217.5158, 1.648938e-01, 2.0330, 3.496110e-07, 40.6956, 40.3993, 34.2077, 31.9031, 31.2374, 29.9744
12616440, 8.669206e-02, 2.615276e-01, 0.8803, 570181.0871, 6.211008e-01, -4.0569, 1.856740e-06, 34.2092, 33.2898, 28.6344, 25.3516, 25.1081, 24.7309
14154948, 8.665468e-02, 2.614332e-01, 1.1663, 570124.7894, 1.788687e-01, 3.9770, 1.063774e-06, 36.0865, nan, nan, 27.2806, 25.9417, 25.6053
10705978, 8.776213e-02, 2.593446e-01, 0.8686, 570191.5356, -2.772764e-01, 2.6735, 2.804211e-06, nan, nan, 24.9359, 24.7333, 24.8137, 25.0942
843930, 8.693491e-02, 2.614161e-01, 0.3052, 570214.8912, 5.519592e-02, 4.1458, 3.479530e-05, 49.2244, 48.9737, 47.0779, 47.5012, 46.8401, 47.7890
14244469, 8.706476e-02, 2.612785e-01, 0.2774, 570244.5485, -3.686173e-01, -1.2359, 7.463572e-05, nan, nan, nan, 48.9900, 50.6411, nan
8120554, 8.703325e-02, 2.613160e-01, 1.8989, 570245.1931, 1.351125e-01, 0.2291, 2.921571e-07, nan, nan, nan, 58.6986, nan, nan
7648503, 8.660099e-02, 2.615974e-01, 0.2809, 570235.4255, -1.849914e-01, 0.3194, 5.325472e-05, 51.2932, nan, 48.5761, 48.3467, 48.0582, 49.0372
11428845, 8.762475e-02, 2.594404e-01, 0.9817, 570238.0212, 2.687974e-02, 2.0262, 3.022087e-06, nan, 51.9713, 51.8656, nan, 49.8048, 49.7313
10071292, 8.650539e-02, 2.618223e-01, 0.3760, 570202.3906, -4.206476e-01, -0.5872, 2.385654e-05, nan, nan, nan, 49.7776, 49.8497, 50.0374
8598815, 8.796084e-02, 2.631770e-01, 1.3016, 570247.6937, -2.742375e-01, 7.5381, 7.921388e-07, nan, 49.0203, 49.0313, 50.1735, 52.5550, 49.4953
8857941, 8.800628e-02, 2.632343e-01, 1.2496, 570169.2980, 3.963760e-02, -0.9650, 1.210450e-06, 31.4462, 30.3401, 27.5238, 25.4760, 24.6924, 24.4364
942066, 8.792642e-02, 2.632614e-01, 1.0203, 570143.9529, -3.076956e-01, -0.3818, 1.046715e-06, nan, nan, 27.1922, 25.9558, 25.6544, 25.5328
16674886, 8.748140e-02, 2.595578e-01, 1.4094, 570217.9499, -2.054797e-01, 4.1542, 1.170843e-06, nan, 50.6420, 49.5761, 49.8333, nan, 50.4916
5918577, 8.710861e-02, 2.616236e-01, 0.4490, 570192.8643, -9.954857e-02, -0.1006, 1.803577e-05, nan, nan, nan, 27.0805, 27.0116, 26.7056
6005225, 8.797313e-02, 2.633822e-01, 0.6518, 570228.0798, 1.412752e-01, 2.5782, 2.969510e-06, 54.2693, 51.2810, nan, 49.7242, 50.4695, 49.7811
6017716, 8.699344e-02, 2.616104e-01, 2.4737, 570083.5799, -5.104596e-01, -1.5772, 2.569687e-07, 26.1165, 24.0883, 25.3181, 25.7020, nan, nan
6193526, 8.803129e-02, 2.636600e-01, 3.4854, 570087.4011, -1.097146e-01, 3.7877, 4.358496e-08, nan, nan, nan, nan, nan, nan
2381602, 8.766389e-02, 2.637924e-01, 0.9263, 570138.1925, 1.383355e-01, 0.8589, 2.112659e-06, 34.7857, 32.9842, 27.3720, 25.5076, 24.9617, 24.7908
2787506, 8.766522e-02, 2.637218e-01, 1.5381, 570202.3528, -2.273193e-01, 2.5099, 7.085888e-07, 28.9180, nan, nan, 26.4731, 27.5097, 26.4126
4897362, 8.769298e-02, 2.635250e-01, 0.7773, 570124.2347, 6.100690e-02, 1.0753, 4.891591e-06, 35.8557, 29.6488, 26.6816, 25.2637, 24.7431, 24.0698
9663394, 8.798559e-02, 2.598099e-01, 2.3879, 570088.7969, -9.159528e-02, 0.5006, 3.083284e-07, 37.1197, 34.1309, 33.4099, 32.3878, 30.6289, 32.7726
9717817, 8.680733e-02, 2.616182e-01, 0.9826, 570186.6865, 3.738387e-01, -0.0844, 2.401629e-06, 33.8612, 31.9243, 26.9910, 25.1069, 24.6617, 24.6127
10420966, 8.790438e-02, 2.599217e-01, 1.6478, 570109.2479, 1.100898e-01, -1.1656, 4.842682e-07, 39.1044, 37.9800, nan, 30.9484, 29.9901, 28.6218
11431301, 8.765665e-02, 2.600014e-01, 1.0153, 570114.1597, -9.944391e-02, 1.5180, 1.874714e-06, 31.3859, nan, 28.6741, 26.8784, 26.2702, 25.7271
10135324, 8.766560e-02, 2.598659e-01, 1.1060, 570194.3858, -3.721072e-01, -3.3689, 2.046030e-06, 24.1969, 22.3712, nan, 27.9320, nan, nan
7237164, 8.876839e-02, 2.630909e-01, 3.1798, 570255.5254, 3.138860e-02, -0.6606, 2.042749e-07, nan, nan, nan, nan, nan, nan
7816184, 8.885866e-02, 2.606169e-01, 0.5946, 570211.4874, -8.326514e-02, 3.1121, 6.923905e-06, 49.9244, 49.5831, 50.5440, 49.0130, 49.6237, 49.3076
689529, 8.889633e-02, 2.605520e-01, 1.1212, 570171.3136, -1.274659e-01, 4.5098, 1.505216e-06, 27.7980, 26.1748, 24.9697, 24.6133, 24.1869, 24.3433
16425115, 8.848869e-02, 2.629141e-01, 2.0709, 570250.4958, -3.351985e-01, -4.5645, 3.448967e-07, nan, nan, nan, nan, nan, nan
13723205, 8.828193e-02, 2.632394e-01, 1.6368, 570154.2664, 3.106939e-01, -5.7936, 4.890718e-07, 38.8195, 39.4774, nan, nan, 28.2731, 27.4299
3481737, 8.825965e-02, 2.631970e-01, 2.0023, 570197.9178, 4.737720e-01, 4.0728, 3.413277e-07, 39.1758, 38.9929, nan, nan, 29.4030, 28.1488
12588675, 8.807703e-02, 2.634313e-01, 2.7111, 570213.8751, 4.678855e-01, 2.0690, 1.194150e-07, nan, nan, 42.9688, nan, nan, nan
13251302, 8.859201e-02, 2.631211e-01, 1.8955, 570188.1868, -2.930686e-01, -1.7609, 3.119973e-07, 25.9853, 25.6210, 25.3918, 26.4095, 26.7257, 26.2983
2371522, 8.855678e-02, 2.631233e-01, 2.1949, 570108.1893, -3.858067e-01, 0.1821, 2.020647e-07, nan, nan, nan, nan, nan, 28.6608
16078783, 8.834647e-02, 2.635024e-01, 2.0385, 570105.8133, 1.363837e-01, -0.2318, 3.376900e-07, nan, nan, 36.8557, 33.6056, 31.6832, 29.7518
11384541, 8.889081e-02, 2.599834e-01, 3.2238, 570168.7475, 4.564686e-01, 3.6392, 6.766101e-08, 47.5823, 46.8514, 43.4614, 40.9727, 38.7778, 36.5046
5863392, 8.821227e-02, 2.634272e-01, 0.6725, 570131.1714, -3.373316e-01, -0.5601, 5.263073e-06, 27.1004, 27.3323, 25.8556, 25.1994, 24.7667, 24.6058
1508687, 8.816047e-02, 2.634566e-01, 1.3049, 570125.3703, 3.487673e-01, 1.8606, 9.083845e-07, 36.6280, nan, nan, 28.4444, 26.7813, 26.1148
1232987, 8.568213e-02, 2.638285e-01, 1.0906, 570215.9013, -1.683322e-01, -2.0120, 2.095500e-06, nan, nan, nan, 53.3176, nan, nan
8508314, 8.638143e-02, 2.632486e-01, 1.0751, 570138.8049, 2.485381e-01, -4.1398, 1.510628e-06, 37.1571, nan, nan, 28.9293, 28.2252, 25.6897
11295557, 8.619608e-02, 2.637472e-01, 1.4125, 570174.7740, 1.528270e-01, -1.8820, 7.053290e-07, 34.3471, 32.7473, 31.4190, 26.9402, 25.8370, 25.0506
8287768, 8.616896e-02, 2.637395e-01, 2.4030, 570217.8560, 1.693185e-01, 2.1267, 1.762489e-07, 42.2632, 40.7166, 38.8699, nan, 33.3735, 31.0374
3607803, 8.720621e-02, 2.624594e-01, 2.4235, 570104.5028, 1.397764e-02, -1.3921, 2.473013e-07, nan, nan, nan, 30.9858, 29.6397, 29.8593
425919, 8.719677e-02, 2.630110e-01, 0.3827, 570228.2913, -5.262084e-01, -4.2095, 3.131559e-05, nan, nan, nan, nan, nan, nan
3278856, 8.895264e-02, 2.599819e-01, 1.0756, 570139.2848, 4.064531e-01, 1.6404, 1.538582e-06, 34.8904, 33.2357, 28.8081, 26.2682, 25.1672, 24.8190
16693968, 8.659353e-02, 2.630876e-01, 3.5659, 570127.5267, 1.362688e-01, 4.4262, 8.927165e-08, nan, 44.9244, 40.8276, 39.4582, 39.5328, nan
1077079, 8.668867e-02, 2.637436e-01, 0.5319, 570239.6682, -1.071058e-01, -0.9956, 6.728032e-06, nan, nan, nan, nan, 51.5929, 50.6799
3371418, 8.673753e-02, 2.637250e-01, 2.1426, 570230.5344, 7.585901e-02, 4.3330, 2.408855e-07, 47.3448, nan, 40.6435, 38.4185, 39.9412, 37.0268
13016890, 8.714501e-02, 2.634454e-01, 0.8931, 570207.9678, -1.293370e-01, -2.0469, 2.061181e-06, nan, nan, nan, nan, nan, nan
4576207, 8.685720e-02, 2.631619e-01, 1.2077, 570126.4840, -4.484802e-04, -2.8439, 1.219066e-06, nan, 28.8092, 27.6238, 29.5277, 27.9427, 27.0009
11401708, 8.645060e-02, 2.637366e-01, 3.1877, 570097.4927, 2.340524e-01, 2.9720, 1.141375e-07, nan, nan, nan, nan, nan, nan
4362787, 8.652846e-02, 2.633608e-01, 1.4542, 570237.1676, 3.532989e-01, -1.3283, 4.805205e-07, nan, nan, nan, nan, nan, nan
5671455, 8.679972e-02, 2.631773e-01, 2.3230, 570086.4267, 2.099795e-01, 5.0504, 2.483519e-07, 42.7605, 40.6406, 40.2238, nan, 31.7104, nan
4713005, 8.881981e-02, 2.611613e-01, 1.5604, 570183.7566, -5.785797e-01, -1.8215, 6.731914e-07, 17.9725, 19.6668, 21.6710, 24.4275, 24.7753, 25.3699
11881202, 8.876028e-02, 2.615000e-01, 2.2716, 570263.8672, 3.561334e-01, 0.3885, 2.793888e-07, nan, nan, nan, 60.3635, 59.0321, 58.2533
13322827, 8.869872e-02, 2.613798e-01, 2.4725, 570110.0449, -1.848872e-01, 0.4698, 2.216917e-07, nan, nan, nan, nan, nan, nan
8528773, 8.864379e-02, 2.614017e-01, 0.1727, 570179.8891, -2.291788e-01, -3.6216, 1.255365e-04, nan, 22.9562, 22.7533, 22.3407, 22.4334, 22.8442
5000765, 8.822363e-02, 2.614817e-01, 0.4554, 570240.4155, 4.137887e-02, 4.3248, 1.422122e-05, 49.6934, 51.6465, 48.0561, 48.2025, 48.1588, 47.6519
8486267, 8.844483e-02, 2.613998e-01, 1.0612, 570109.5930, -9.917392e-02, 0.6084, 1.070010e-06, 32.3796, nan, 29.5771, 27.9640, 27.2217, 26.6660
11273515, 8.834318e-02, 2.623082e-01, 0.6307, 570081.6257, 2.794106e-01, -1.5616, 1.563491e-05, 32.8569, 29.7466, 26.3810, 25.2571, 24.3647, 24.0733
1046867, 8.858665e-02, 2.620997e-01, 1.6714, 570173.4627, 4.302507e-01, -5.2107, 4.882404e-07, 37.4040, 36.9873, nan, nan, 27.4609, 26.5732
16655879, 8.744417e-02, 2.623155e-01, 2.4288, 570185.4084, -3.640932e-01, -5.5190, 2.769846e-07, 26.4500, 23.7668, 24.3055, 24.0305, 28.0220, 28.8980
5469586, 8.750843e-02, 2.621534e-01, 1.2960, 570179.8818, -2.477253e-01, -1.8530, 1.315376e-06, 25.1647, 25.1182, 25.9689, 24.9575, 24.9252, 24.5252
6427779, 8.788794e-02, 2.619266e-01, 1.7433, 570164.4890, -2.440489e-01, 0.0629, 6.316428e-07, 26.5625, 26.2993, 26.7470, 26.2994, 25.7202, 25.2961
13669959, 8.795347e-02, 2.618918e-01, 1.5322, 570148.0843, 1.955439e-01, -7.9728, 8.438758e-07, nan, nan, 32.7665, nan, nan, 26.8729
11446976, 8.801312e-02, 2.622697e-01, 1.0754, 570107.6565, -2.096174e-02, 1.0078, 1.471399e-06, 33.6652, nan, 29.7256, 27.7675, 26.8594, 26.2890
556559, 8.771312e-02, 2.620629e-01, 1.9907, 570132.2515, 9.445037e-02, 1.9981, 2.704498e-07, 40.9058, nan, nan, nan, 30.2871, 27.9507
15044493, 8.818043e-02, 2.619964e-01, 1.8071, 570082.5965, -2.511744e-01, -0.1153, 2.685836e-07, 31.3282, 31.1534, 30.2332, 30.2495, 29.7494, 29.6296
12614008, 8.808152e-02, 2.618538e-01, 0.8711, 570231.2940, 1.578193e-01, -4.5951, 1.803420e-06, nan, nan, nan, nan, nan, nan
13621204, 8.861345e-02, 2.616182e-01, 3.6508, 570140.6297, 1.431061e-01, -0.0621, 1.060405e-07, 45.3028, 42.2032, 38.2599, 36.9341, 35.7915, 35.0579
4101631, 8.861710e-02, 2.616639e-01, 0.8243, 570130.2787, -2.178463e-01, 0.4698, 3.096514e-06, nan, nan, 26.5157, 25.5800, 25.0879, 24.8350
3499492, 8.857550e-02, 2.617454e-01, 0.8491, 570253.7203, -1.403005e-01, 1.2106, 1.970147e-06, nan, 51.6906, nan, 51.4215, 51.0543, 51.1755
8167494, 8.765489e-02, 2.623410e-01, 0.7080, 570126.2517, 2.293687e-01, -3.1054, 5.120170e-06, 32.8974, 29.6495, 27.8716, 26.3648, 25.3845, 24.3065
377871, 8.739740e-02, 2.627850e-01, 0.9479, 570099.0081, 3.300906e-01, 3.8264, 1.852628e-06, 35.9190, nan, 28.9713, 27.5441, 26.3690, 25.7077
4259484, 8.755271e-02, 2.626234e-01, 0.6951, 570192.9263, 1.288102e-01, 0.6437, 5.901858e-06, nan, 28.2489, 26.8160, 25.6033, 25.4951, 25.4388
15418081, 8.763535e-02, 2.623940e-01, 1.6143, 570116.1548, 6.459186e-02, -1.5163, 1.085299e-06, nan, 34.3579, 29.3597, 28.6319, 28.8779, 27.5163
11263628, 8.854583e-02, 2.624282e-01, 2.3892, 570208.5940, 1.524285e-01, 4.0303, 1.584201e-07, nan, 37.8140, 36.5050, nan, nan, 29.1974
9812796, 8.809238e-02, 2.630116e-01, 1.7517, 570234.3752, 7.329002e-01, -0.4609, 9.287439e-07, nan, nan, nan, nan, nan, nan
3629976, 8.729546e-02, 2.636211e-01, 0.9750, 570150.7966, -4.875590e-01, -4.8535, 1.893935e-06, 24.6887, 22.7825, nan, 25.6099, 25.2361, 25.0246
12309188, 8.753011e-02, 2.634938e-01, 3.7874, 570128.8429, -2.491495e-01, 1.9580, 7.244416e-08, 39.4703, 34.4313, 31.1311, 30.6709, 30.9054, 30.9579
15298198, 8.739338e-02, 2.636681e-01, 0.3877, 570078.7370, 2.359485e-01, -0.3325, 3.054106e-05, 30.0684, 26.5482, 24.6594, 23.6307, 23.3546, 23.6783
3173144, 8.736342e-02, 2.631700e-01, 1.7921, 570150.5096, 2.443904e-01, -3.9757, 3.078695e-07, 39.4404, 37.6387, nan, nan, nan, 28.0485
11822270, 8.788973e-02, 2.630543e-01, 0.2309, 570091.6197, -5.100164e-01, -3.3062, 7.598771e-05, 21.5965, 24.7256, 24.1872, 24.2162, 25.2335, 25.3185
2740612, 8.772695e-02, 2.630704e-01, 1.1222, 570094.1331, -3.928252e-01, -0.0864, 1.259615e-06, 27.7834, 28.0782, 28.0184, 28.0614, 27.4799, 27.2186
11441108, 8.773853e-02, 2.630850e-01, 3.5734, 570155.3502, 2.259210e-01, 1.0130, 1.058913e-07, 45.6101, 42.9808, 39.0760, 37.4465, 36.0830, 35.1472
7937563, 8.803123e-02, 2.627710e-01, 0.7627, 570111.1431, -1.881264e-01, 4.5472, 3.519032e-06, nan, nan, 27.0157, 25.7697, 25.1499, 24.6127
14610723, 8.759507e-02, 2.628424e-01, 0.9563, 570192.9884, -7.336227e-02, 1.3401, 1.604844e-06, 30.4570, nan, 26.6789, 25.8440, 25.6756, 25.7495
13175779, 8.754793e-02, 2.630978e-01, 0.7980, 570090.6546, -2.502602e-02, 5.3933, 3.946731e-06, nan, nan, 26.6262, 26.1076, 25.6099, 25.0797
13989468, 8.752099e-02, 2.629691e-01, 4.7053, 570091.1823, -3.666582e-01, 2.6837, 4.765511e-08, nan, nan, nan, nan, nan, nan
1606599, 8.799990e-02, 2.624535e-01, 2.2363, 570261.5314, 2.934303e-01, 3.0737, 4.120464e-07, 64.3139, nan, 60.1511, 56.3283, 55.2467, 53.0217
8506381, 8.791720e-02, 2.625565e-01, 1.0755, 570224.2525, 2.941352e-03, 2.2431, 1.335917e-06, nan, 52.6320, 51.3759, nan, 50.4293, 50.8382
8417951, 8.774473e-02, 2.627929e-01, 4.6716, 570235.2899, -1.924721e-01, -0.1670, 4.171371e-08, 39.9401, 39.8081, 33.2674, 31.0210, 30.5516, 30.4951
4472125, 8.782462e-02, 2.627983e-01, 1.3380, 570097.4008, 3.949062e-01, -7.3400, 7.734494e-07, 41.9092, 34.5655, 31.1922, nan, 30.5549, nan
