#snid, snra, sndec, z, t0, c, x1, x0, mag_u, mag_g, mag_r, mag_i, mag_z, mag_y
2045958, 8.533871e-02, 2.607300e-01, 1.9977, 570089.8790, 5.355234e-02, -3.6435, 2.740560e-07, nan, nan, nan, nan, 31.2808, nan
10342097, 8.896703e-02, 2.607238e-01, 1.1275, 570117.6414, -5.517173e-01, 5.7414, 1.317762e-06, 22.4811, nan, 24.9516, 24.4801, 24.2171, 24.5981
15816490, 8.908595e-02, 2.605999e-01, 1.2994, 570159.3817, 1.517792e-01, 3.7115, 1.129015e-06, 34.1380, nan, 28.9218, 26.1805, 25.1133, 24.9768
17357122, 8.548443e-02, 2.606276e-01, 2.5711, 570233.6168, 3.961262e-02, -0.5245, 1.570125e-07, nan, nan, nan, nan, nan, nan
7263698, 8.575438e-02, 2.610334e-01, 3.5136, 570097.4849, 4.346194e-01, 3.3698, 1.084526e-07, nan, 51.4397, 46.5747, 44.2275, 42.3970, nan
12137579, 8.574557e-02, 2.609581e-01, 0.6338, 570091.4656, -2.087904e-01, -1.9916, 9.658791e-06, 24.9630, 26.2169, 25.9599, 25.3212, 24.5168, 24.4514
9202044, 8.578756e-02, 2.609514e-01, 2.2909, 570075.0486, 2.474262e-01, 0.9735, 2.259141e-07, nan, nan, nan, nan, nan, 32.2412
6425989, 8.953957e-02, 2.604068e-01, 0.3384, 570194.4992, 5.301086e-01, -1.1888, 2.848746e-05, nan, nan, nan, 49.6098, 48.6238, 48.1478
7194718, 8.614067e-02, 2.608921e-01, 1.4113, 570146.8280, 7.072162e-02, -4.6059, 8.681438e-07, 32.5437, 30.1729, 30.8381, 26.9049, 27.0074, 25.0898
45616, 8.534903e-02, 2.609907e-01, 0.5016, 570132.2989, 9.148908e-02, 2.7805, 6.602829e-06, 29.1216, 24.5145, 23.2230, 23.1494, 23.0062, 23.2038
6065274, 8.584370e-02, 2.612235e-01, 0.6203, 570158.2482, -2.207928e-01, -0.5361, 6.699608e-06, 26.3816, 29.5220, 26.2528, 26.0700, 25.7755, 26.1325
8262425, 8.890447e-02, 2.636638e-01, 1.0227, 570057.7005, -3.701349e-01, 3.8946, 1.552078e-06, 28.3502, nan, nan, 27.4412, 26.9221, 26.5413
16574467, 8.487367e-02, 2.612660e-01, 1.9944, 570146.8390, -1.499786e-01, -5.2141, 3.303388e-07, 29.8276, 28.5052, 27.9156, nan, 30.1139, 26.6669
7010511, 8.569354e-02, 2.638673e-01, 0.6865, 570100.8358, -1.543436e-01, -0.7837, 1.056480e-05, 26.8300, 25.9535, 25.1943, 24.3088, 23.8090, 23.5103
8481405, 8.582894e-02, 2.639030e-01, 1.0233, 570183.9928, 3.242840e-01, 4.7105, 1.291082e-06, 60.8803, 54.8810, 51.8426, nan, 49.8254, 49.6981
3507936, 8.634686e-02, 2.603437e-01, 0.8662, 570065.1132, -9.295503e-02, -1.3341, 3.000379e-06, 30.9764, 27.6183, 29.2332, 27.1036, 26.5914, 26.2291
4517009, 8.495448e-02, 2.609818e-01, 0.3664, 570156.9991, 5.190028e-01, 0.6055, 2.452073e-05, 32.6726, nan, 25.4297, 24.8465, 24.2858, 24.2338
12684012, 8.629696e-02, 2.639783e-01, 2.6112, 570109.0222, -6.387793e-01, -1.5505, 1.280293e-07, 23.2372, 20.5514, 21.8230, 26.1001, nan, nan
9642915, 8.938185e-02, 2.605126e-01, 0.6551, 570035.9533, -2.870144e-01, -3.7654, 8.313098e-06, 25.6275, 25.4628, 26.9169, 26.7654, 26.0326, 26.0207
2279785, 8.493931e-02, 2.610566e-01, 1.1003, 570206.1172, -7.362969e-02, 1.8983, 1.276589e-06, nan, 52.1101, 51.3849, nan, 50.6629, 51.1505
13067087, 8.502174e-02, 2.608630e-01, 1.5686, 570160.1359, 4.462592e-02, -0.2851, 6.454789e-07, 33.3510, 31.5605, 29.8033, 28.0761, 26.7580, 26.2858
16596818, 8.505759e-02, 2.609900e-01, 2.5508, 570056.5161, -1.965291e-01, -0.5312, 1.498015e-07, nan, nan, nan, 32.0602, nan, 32.0671
15953230, 8.515362e-02, 2.607274e-01, 0.2338, 570138.3565, 6.388533e-01, 0.2007, 5.350494e-05, 25.5623, 21.6268, 20.7813, 20.2453, 20.3625, 20.4430
17081836, 8.944301e-02, 2.632862e-01, 2.1173, 570139.3507, 2.558385e-01, 4.4156, 2.474468e-07, 38.5657, 37.2337, 34.4537, 31.3135, 29.2260, 27.5888
7300361, 8.615598e-02, 2.638981e-01, 3.3820, 570155.5615, -3.265923e-01, 0.4793, 1.073909e-07, 34.0398, 27.0610, 25.2856, 25.6764, 26.0003, 26.5208
3672602, 8.635593e-02, 2.602747e-01, 1.4364, 570156.9855, -5.860795e-01, -2.1242, 6.885860e-07, 18.6458, 20.0663, 21.4764, 26.2252, 25.9769, 25.6588
7817980, 8.632466e-02, 2.607879e-01, 0.5876, 570078.4318, 1.801572e-02, -1.1153, 6.926067e-06, 29.7067, 28.0532, 26.5217, 25.7893, 24.8778, 24.9637
13528742, 8.572480e-02, 2.604360e-01, 1.1066, 570148.8763, -2.844646e-01, -0.7448, 1.484562e-06, 24.5171, 24.8315, 25.2118, 24.8623, 24.5519, 24.8133
2442775, 8.573487e-02, 2.605085e-01, 3.0565, 570131.1740, -1.608110e-01, -1.6251, 1.521728e-07, 37.0617, 30.4730, 29.0794, 28.8555, 28.6952, 28.8814
13926415, 8.513366e-02, 2.609316e-01, 2.4608, 570094.3072, -2.723738e-01, 2.2499, 2.622674e-07, nan, nan, nan, nan, nan, nan
16310453, 8.570951e-02, 2.605275e-01, 1.8089, 570131.8574, -3.931438e-01, -5.1409, 3.743292e-07, 23.5569, 23.7873, 24.6504, 26.0925, 27.2526, 26.0383
2817638, 8.635024e-02, 2.604599e-01, 0.5017, 570086.8176, 6.160631e-02, -2.1084, 1.476040e-05, 27.6892, 27.2970, 25.5675, 24.8012, 24.2206, 24.0048
6197349, 8.529076e-02, 2.605332e-01, 1.0468, 570228.8672, 2.991030e-02, -0.1135, 1.697759e-06, nan, nan, nan, nan, 54.5288, 53.7630
9045229, 8.567788e-02, 2.602966e-01, 2.0960, 570044.1736, -1.759554e-02, -4.1468, 2.902699e-07, 37.1449, 35.6243, 30.7854, 28.9682, 29.4890, 32.8055
5830763, 8.562269e-02, 2.613770e-01, 2.8756, 570180.6081, 5.273409e-02, -0.1654, 1.735891e-07, 41.2474, 36.4064, 34.4955, 33.1818, 31.7853, 31.2772
4188292, 8.651178e-02, 2.608644e-01, 1.7869, 570104.5379, -4.537999e-01, 0.6423, 4.405831e-07, nan, nan, nan, nan, 26.3247, 26.3780
8277490, 8.652553e-02, 2.608568e-01, 2.4477, 570222.1344, 1.414436e-01, 0.6823, 2.155726e-07, nan, nan, nan, 57.9366, 56.1583, nan
331975, 8.611692e-02, 2.606486e-01, 0.8593, 570098.0137, -3.313707e-01, 0.9160, 2.789860e-06, nan, nan, 26.2417, 25.5213, 25.1164, 24.9890
17040958, 8.608780e-02, 2.605016e-01, 3.4322, 570228.9859, 1.870527e-02, 0.0210, 7.118635e-08, nan, nan, nan, nan, nan, nan
17415592, 8.559451e-02, 2.613684e-01, 6.4596, 570050.9225, 4.502955e-01, -0.8721, 1.099459e-08, nan, nan, nan, nan, nan, nan
10155700, 8.907952e-02, 2.624292e-01, 1.1468, 570083.8227, 2.934688e-01, 2.9835, 1.312529e-06, 36.0506, 33.2933, 31.5525, 27.7509, 26.3034, 25.8183
2036979, 8.600642e-02, 2.641022e-01, 1.8419, 570078.7730, 1.434379e-01, 2.4764, 5.752324e-07, nan, nan, nan, nan, 29.6968, 27.8880
14299627, 8.588032e-02, 2.640253e-01, 0.5053, 570170.1674, 2.658891e-01, -5.1042, 8.459972e-06, nan, 53.7525, nan, nan, nan, nan
4445519, 8.518349e-02, 2.612944e-01, 1.4626, 570173.8037, 1.288973e-01, -0.8554, 7.945640e-07, nan, nan, nan, nan, nan, nan
3014102, 8.518210e-02, 2.615199e-01, 0.9873, 570115.2551, -7.982119e-01, -0.1440, 1.635279e-06, nan, 23.0221, 24.4424, 24.7614, 24.9309, 25.2012
10094272, 8.718700e-02, 2.595779e-01, 0.3774, 570213.5196, 2.930207e-01, -0.9939, 1.526003e-05, nan, nan, nan, 49.9145, 49.4433, 49.5759
1893271, 8.618244e-02, 2.600732e-01, 1.6996, 570211.5496, 6.857524e-02, 1.5418, 3.966961e-07, nan, nan, 54.9070, 54.4050, 52.8323, nan
7419099, 8.600030e-02, 2.640825e-01, 1.2852, 570154.8226, 2.570270e-01, -1.3942, 8.035588e-07, 35.4684, 32.2292, 30.0331, 27.2815, 26.2918, 25.7200
10236177, 8.717805e-02, 2.638910e-01, 0.3333, 570194.0449, 3.267919e-01, -1.4364, 3.348049e-05, nan, nan, nan, 50.1211, 49.3157, 48.4566
3331209, 8.705100e-02, 2.639797e-01, 1.5452, 570190.9621, -4.050978e-02, -0.3172, 6.432936e-07, nan, nan, nan, nan, nan, nan
15352105, 8.671758e-02, 2.611568e-01, 3.9480, 570079.1464, -2.760000e-01, -3.7681, 6.690866e-08, nan, nan, nan, nan, nan, 31.0340
7253194, 8.932303e-02, 2.626019e-01, 0.9883, 570176.1446, 2.854436e-01, -5.4925, 1.728164e-06, nan, nan, nan, nan, nan, nan
156051, 8.578443e-02, 2.621624e-01, 0.1552, 570199.5883, 1.124126e-01, -1.2414, 9.135630e-05, nan, nan, 50.4715, 48.6056, nan, nan
5726771, 8.549200e-02, 2.612139e-01, 0.8754, 570143.5813, 4.026724e-01, -3.4163, 2.126629e-06, 33.3297, 30.9860, 26.4283, 24.6133, 24.3274, 24.2045
2673376, 8.890548e-02, 2.630002e-01, 1.1322, 570118.7914, 1.663724e-01, 5.8424, 1.369737e-06, 33.8281, 31.3521, 27.0337, 25.4621, 24.3700, 24.4074
9780061, 8.665447e-02, 2.599213e-01, 1.4135, 570210.3020, -3.414941e-01, -1.0391, 8.707463e-07, nan, nan, nan, nan, nan, nan
13930732, 8.656579e-02, 2.599824e-01, 0.9892, 570166.9558, -3.581027e-02, -4.0445, 2.273082e-06, nan, nan, nan, nan, nan, nan
7220831, 8.567151e-02, 2.621294e-01, 3.2777, 570193.3489, -4.762186e-01, 5.9902, 1.036851e-07, 34.8370, 26.0058, 24.7755, 25.5583, nan, nan
14315752, 8.679163e-02, 2.597874e-01, 2.1497, 570160.2152, -1.249066e-01, 3.2500, 2.870255e-07, 31.5289, 29.4602, nan, nan, 27.5897, 26.3148
15666728, 8.685705e-02, 2.599382e-01, 2.6894, 570190.9976, 2.060199e-01, -2.4083, 1.870656e-07, nan, nan, 43.1417, nan, nan, nan
1555401, 8.671987e-02, 2.600179e-01, 1.0776, 570133.3370, 5.916375e-01, -3.7238, 1.525868e-06, 34.2370, 34.2693, 28.9329, 25.6099, 24.3680, 24.1569
13498792, 8.572311e-02, 2.616105e-01, 1.7529, 570162.2298, 5.437685e-01, -2.6718, 5.156676e-07, 39.9231, 39.0342, 34.3537, nan, 30.2455, 28.9120
13818104, 8.891088e-02, 2.627046e-01, 2.0783, 570183.9041, -4.461245e-01, -0.2209, 5.085016e-07, nan, nan, nan, nan, nan, nan
17372197, 8.709509e-02, 2.597608e-01, 2.6951, 570042.9037, 3.662233e-01, 2.8160, 2.352310e-07, 46.8342, 44.3544, 42.2903, nan, nan, 33.9626
7189319, 8.914963e-02, 2.625729e-01, 1.4908, 570234.7952, 2.906985e-02, 1.0341, 4.512919e-07, nan, 57.8519, 54.3907, 53.5022, nan, nan
13927232, 8.628429e-02, 2.616778e-01, 2.4602, 570153.2368, 1.810587e-01, -2.5620, 1.727917e-07, 40.5671, 36.8725, 34.8563, 32.4881, 32.4608, 30.3398
16663476, 8.619253e-02, 2.617759e-01, 1.4341, 570178.9647, 3.004332e-01, -1.1788, 4.211114e-07, nan, nan, nan, nan, nan, nan
12429071, 8.511385e-02, 2.622849e-01, 1.6506, 570082.8682, -1.541734e-01, 1.4276, 4.395351e-07, nan, nan, nan, nan, 28.0977, 27.5834
14569271, 8.667003e-02, 2.639117e-01, 1.4608, 570153.5986, 1.033074e-01, 2.1526, 7.419982e-07, 33.5668, nan, nan, 26.7679, 25.5697, 25.1396
15131771, 8.515662e-02, 2.621975e-01, 2.4539, 570078.4618, 3.226191e-01, 2.4732, 2.582717e-07, nan, nan, nan, 38.5858, 35.9037, nan
10160639, 8.574829e-02, 2.619388e-01, 3.8449, 570040.6064, -1.338371e-01, 1.0265, 9.463624e-08, nan, nan, nan, nan, nan, nan
4670374, 8.906795e-02, 2.626305e-01, 1.6600, 570150.8860, 1.734387e-01, 2.0145, 5.745585e-07, 35.2591, 33.6443, 34.0179, 27.9268, 26.5322, 25.5464
3849243, 8.608863e-02, 2.615425e-01, 1.2214, 570175.1527, 4.602906e-01, 1.1460, 7.474727e-07, nan, 38.2616, 34.1053, nan, 32.1546, 29.9907
9565925, 8.546066e-02, 2.620510e-01, 0.7192, 570111.5816, -3.534575e-01, 5.1285, 4.287588e-06, 23.6685, 23.8174, 24.0591, 23.6959, 24.0715, 24.1991
5037471, 8.487276e-02, 2.624478e-01, 2.5639, 570229.6240, -1.593156e-02, 4.3776, 1.387968e-07, nan, nan, nan, 54.3391, 53.1264, 53.3018
10936135, 8.603245e-02, 2.613251e-01, 1.7930, 570121.3888, 1.810702e-01, 2.8303, 6.726142e-07, 36.4514, 35.1094, 31.3547, 28.9782, 27.1107, 26.0495
4866640, 8.595454e-02, 2.615160e-01, 0.8410, 570108.1821, -3.311084e-02, -3.8254, 3.925692e-06, nan, nan, nan, 27.2042, 24.7853, 24.4056
5179639, 8.689282e-02, 2.603857e-01, 0.1945, 570186.2360, -5.922522e-03, 3.5542, 7.571355e-05, 47.1053, 47.9939, 46.6817, 46.5344, 47.3128, 46.3099
4109192, 8.693522e-02, 2.594427e-01, 0.7852, 570139.2992, 1.528553e-01, 1.9692, 3.625638e-06, 30.6381, 26.6632, 24.3856, 23.5166, 23.5799, 23.4970
14706941, 8.589278e-02, 2.613942e-01, 1.7861, 570149.6568, -2.761401e-01, -3.9572, 5.545233e-07, 25.4676, 25.3684, 25.0632, 27.4142, 26.2880, 25.9151
2271253, 8.640677e-02, 2.609002e-01, 1.2701, 570092.9624, -2.329804e-01, -3.7912, 1.584012e-06, nan, 25.5058, 25.0683, nan, 29.8031, 27.7517
5806714, 8.714677e-02, 2.602884e-01, 2.0252, 570109.1510, 2.746034e-01, 3.2098, 1.807784e-07, 39.9288, 39.5190, nan, nan, 30.6051, 28.5136
6236156, 8.635023e-02, 2.611432e-01, 1.3623, 570128.6507, -4.586923e-02, -1.3040, 5.116221e-07, 31.2288, 30.2943, 28.8580, 27.0731, 25.9786, 25.3649
10234971, 8.708888e-02, 2.605597e-01, 1.1870, 570103.8280, 1.214309e-01, 1.0082, 1.121949e-06, 35.9140, 31.9076, 29.4304, 26.9982, 25.6789, 25.4458
7320065, 8.479830e-02, 2.608840e-01, 1.3149, 570233.4656, 1.887218e-01, 2.1749, 7.187664e-07, nan, 56.7462, 55.1047, nan, nan, 50.9958
11268353, 8.626103e-02, 2.611203e-01, 2.4938, 570081.9556, -1.296077e-01, -1.7392, 1.779395e-07, nan, nan, nan, nan, nan, 31.5200
15657291, 8.957493e-02, 2.626166e-01, 2.5516, 570220.5856, -2.108159e-01, 0.0514, 1.144183e-07, nan, nan, nan, nan, nan, nan
7963142, 8.628672e-02, 2.611962e-01, 2.8331, 570134.5947, 7.696914e-02, -2.1407, 2.295197e-07, 40.6209, 35.2093, 33.4312, 32.2390, 31.9367, 31.7407
11546924, 8.712626e-02, 2.600743e-01, 1.3644, 570096.6112, 2.939020e-01, 1.5419, 6.552189e-07, 36.9356, 36.8356, nan, 28.9302, 27.1797, 26.2137
15740257, 8.477305e-02, 2.609979e-01, 1.3804, 570094.2498, 6.137170e-01, -1.6286, 7.862046e-07, 38.0694, 38.0291, 34.0221, 30.6699, 28.4117, 27.2465
7048132, 8.471577e-02, 2.619626e-01, 0.6778, 570051.6746, 3.907198e-01, -4.1049, 2.660365e-06, 35.2514, nan, 28.7202, 27.9910, 26.8325, 26.4034
11976170, 8.916893e-02, 2.628036e-01, 2.0927, 570198.6095, -1.840533e-01, 1.7961, 4.068094e-07, nan, nan, 53.0006, 51.3326, 53.2292, 51.2686
12406692, 8.911492e-02, 2.628939e-01, 3.1181, 570194.7355, 5.023288e-02, -2.4784, 6.435863e-08, 43.3781, 40.7779, 38.3223, 37.1775, 33.4107, 32.4245
3939960, 8.648725e-02, 2.606328e-01, 1.6187, 570137.5739, 3.702954e-01, -2.4087, 7.408136e-07, 36.4036, 35.9488, nan, 29.4284, 26.6297, 25.6667
16477464, 8.481251e-02, 2.613321e-01, 2.2230, 570193.9301, 4.251374e-02, 0.8418, 1.966051e-07, 43.2125, nan, 36.9380, 34.2253, 34.0675, 33.2559
5534899, 8.467424e-02, 2.614255e-01, 1.6665, 570198.4406, 1.737878e-02, -1.4945, 6.661214e-07, nan, nan, nan, nan, nan, nan
9208165, 8.541765e-02, 2.602272e-01, 0.8847, 570055.8128, -8.001664e-01, 8.0735, 2.482310e-06, nan, nan, 24.3781, 27.2123, 26.4540, nan
12170800, 8.860296e-02, 2.609952e-01, 1.5010, 570102.2798, 9.954569e-02, 5.5942, 3.544175e-07, 36.8328, 33.8140, 30.7482, 28.2865, 27.2196, 26.2003
3874224, 8.863191e-02, 2.609085e-01, 0.3126, 570082.2405, 4.340950e-02, -4.8666, 3.892702e-05, 24.4791, 28.3241, 25.1951, 24.9110, 24.8249, 23.5479
11976133, 8.530434e-02, 2.603090e-01, 2.1497, 570107.8171, -2.310940e-01, 3.4469, 2.270589e-07, 32.8269, 31.0042, nan, nan, nan, 26.8066
1747204, 8.528539e-02, 2.600736e-01, 2.4569, 570044.9363, 5.570264e-01, 0.2270, 1.956389e-07, 46.2567, 47.4191, 44.1536, nan, 39.6247, 35.1957
6436153, 8.821587e-02, 2.611891e-01, 1.2932, 570131.1805, -1.281142e-01, 4.4977, 1.195103e-06, 28.3103, 28.4912, 26.4147, 25.0162, 24.6069, 24.4489
3677901, 8.805353e-02, 2.612732e-01, 1.5058, 570071.8321, 2.964883e-01, -3.1873, 7.258589e-07, 39.5753, 36.1656, nan, 30.8808, 30.7126, 28.9082
4636419, 8.943491e-02, 2.628750e-01, 1.2405, 570108.0566, 2.542702e-01, 1.3662, 2.157033e-06, 34.6873, nan, 29.8991, 26.2430, 24.8615, 24.4750
4758680, 8.660876e-02, 2.605730e-01, 2.0998, 570117.6923, -6.140849e-02, 3.7510, 4.592120e-07, 33.7081, 31.6014, 29.3981, 27.7815, 27.2573, 26.4136
3162803, 8.657032e-02, 2.600696e-01, 0.4373, 570092.7603, -2.383062e-01, -1.3441, 1.265486e-05, 24.6656, 26.3201, 25.3438, 24.5298, 24.4909, 24.2756
12257332, 8.941571e-02, 2.628746e-01, 1.3121, 570124.0358, -3.799848e-01, 2.3827, 5.099347e-07, 24.5471, 24.9253, 25.3083, 25.7519, 25.4780, 25.3837
901821, 8.490032e-02, 2.621992e-01, 0.8191, 570193.4851, -2.605481e-01, -3.1083, 3.134910e-06, nan, nan, nan, nan, nan, 51.7275
7419416, 8.910977e-02, 2.608988e-01, 0.3829, 570233.6911, -8.582583e-02, -0.1119, 1.885722e-05, nan, nan, 52.0779, 49.4460, 49.2873, 49.2918
8696019, 8.641925e-02, 2.640485e-01, 0.5897, 570149.7743, 2.280941e-01, -2.6569, 7.520364e-06, 28.4459, 26.6492, 24.6976, 24.3389, 24.0605, 23.9899
10797934, 8.489481e-02, 2.615558e-01, 2.7298, 570195.1752, 2.682724e-01, -2.2835, 1.612200e-07, nan, nan, nan, nan, nan, nan
14840917, 8.646263e-02, 2.602213e-01, 1.6530, 570114.9113, -5.539753e-02, 0.3360, 3.281543e-07, 33.9150, 32.8438, 31.6035, 28.9871, 27.5456, 26.6581
889693, 8.482751e-02, 2.625363e-01, 2.1848, 570043.1653, 3.627888e-01, 0.9627, 2.073035e-07, 44.5803, 43.1022, nan, nan, nan, 32.0807
9260760, 8.635687e-02, 2.640507e-01, 0.7871, 570107.2226, 1.845460e-01, -4.4734, 3.937495e-06, nan, nan, nan, 31.4431, 24.9427, 24.1703
12357221, 8.640223e-02, 2.598612e-01, 1.7172, 570181.8101, -4.939887e-02, -0.7370, 5.626180e-07, nan, nan, nan, nan, nan, nan
15369355, 8.496583e-02, 2.615926e-01, 1.2643, 570169.9652, -3.941897e-02, 3.3529, 8.070860e-07, nan, 30.8814, 28.7089, 29.1177, 27.7555, 26.8033
8452729, 8.501070e-02, 2.615886e-01, 0.9444, 570133.8978, 5.955907e-01, 3.8585, 2.219292e-06, 33.2453, 32.1743, 26.5025, 24.4130, 23.9410, 23.7220
2803519, 8.815697e-02, 2.609491e-01, 0.4773, 570105.0786, -2.075054e-01, -1.1838, 1.025024e-05, 25.0674, 25.8783, 24.8249, 24.0995, 23.9160, 23.8736
11459460, 8.594130e-02, 2.597717e-01, 1.0684, 570193.3914, -2.178855e-01, -0.4008, 1.627985e-06, nan, nan, nan, nan, nan, nan
4461972, 8.725839e-02, 2.622120e-01, 0.1144, 570234.2146, 1.294810e-01, -2.9017, 3.162184e-04, nan, nan, nan, nan, nan, 46.0606
16402094, 8.530472e-02, 2.617520e-01, 0.2693, 570066.6265, -1.986941e-01, 0.1049, 2.969862e-05, 30.1122, 25.5546, 24.5170, 24.0580, 24.4191, 24.3165
3352379, 8.896402e-02, 2.612307e-01, 0.4876, 570134.0366, 8.287823e-02, 0.3305, 9.916260e-06, 28.0318, 24.0903, 22.7429, 22.7348, 22.6055, 22.7251
6796582, 8.893586e-02, 2.612721e-01, 0.7997, 570065.1471, -1.324330e-01, 0.7291, 4.054143e-06, nan, nan, 27.3637, 26.4464, 25.9255, 25.3966
10846664, 8.738383e-02, 2.620329e-01, 2.0446, 570091.4752, -4.859501e-01, -2.6855, 1.873322e-07, nan, nan, nan, nan, 28.0385, nan
12709241, 8.523197e-02, 2.615930e-01, 0.9932, 570226.9719, -1.086083e-01, 0.6029, 1.577608e-06, nan, 52.7981, nan, nan, 51.5964, 51.5447
2616528, 8.914746e-02, 2.611853e-01, 1.3320, 570170.9305, -6.246614e-02, 3.1591, 4.766989e-07, 38.7359, 31.5297, 29.6556, 28.6337, 29.8438, 27.4325
1308836, 8.519622e-02, 2.619254e-01, 0.4969, 570158.4569, -5.124725e-01, 1.1359, 1.171077e-05, 22.6478, 25.3739, 25.7796, 25.8221, 26.1594, 26.2617
16665499, 8.739263e-02, 2.616689e-01, 1.4405, 570229.8610, 6.571201e-01, -2.2210, 5.447598e-07, nan, nan, nan, nan, nan, nan
6072207, 8.918587e-02, 2.609064e-01, 0.6243, 570221.9054, -8.692540e-02, -1.1367, 5.678223e-06, nan, nan, nan, nan, 50.6927, 53.2887
8323271, 8.833658e-02, 2.639532e-01, 0.9738, 570043.6694, 1.332577e-02, 0.9900, 2.310192e-06, 35.6993, nan, 29.0394, 27.6501, 26.8981, 26.5416
2745746, 8.759109e-02, 2.616607e-01, 1.6836, 570126.7047, 3.249460e-01, 2.1003, 4.239370e-07, 37.1797, 36.6688, 33.8312, 29.6516, 27.6561, 26.3508
13594393, 8.733732e-02, 2.618793e-01, 1.2629, 570085.8880, 1.074330e-01, 0.2547, 1.180606e-06, 37.0433, nan, 32.5197, 28.2812, 26.8976, 26.4632
3821204, 8.739883e-02, 2.619005e-01, 1.1105, 570222.2549, -2.881002e-01, 0.0545, 1.403554e-06, nan, nan, nan, nan, 54.5532, 52.6524
13418230, 8.964821e-02, 2.614821e-01, 1.0651, 570112.6943, 7.091828e-02, -0.3544, 1.432985e-06, 35.7341, 32.3057, 28.1267, 25.9287, 25.2080, 24.9299
13045441, 8.978389e-02, 2.612248e-01, 1.6135, 570126.1125, 2.260658e-01, -0.9268, 5.076780e-07, 36.5388, 35.2294, 33.3376, 29.2390, 27.2106, 26.1159
7256793, 8.550002e-02, 2.633800e-01, 3.3749, 570115.4685, 2.726311e-02, 4.6956, 8.550920e-08, 41.6835, 37.6616, 34.8506, 34.0280, 32.4557, 30.8634
12241453, 8.789963e-02, 2.608848e-01, 1.3442, 570050.7166, 3.812942e-01, 3.5890, 8.113480e-07, 38.9456, nan, nan, 29.7016, 28.7833, 27.6321
13593969, 8.989585e-02, 2.612693e-01, 1.2625, 570067.6667, 1.735472e-01, 0.1049, 8.931040e-07, 37.3921, nan, 31.6062, 29.5379, 27.9949, 27.4784
5959924, 8.739938e-02, 2.612716e-01, 0.7042, 570234.2500, -4.907441e-01, 0.1007, 5.348708e-06, nan, nan, nan, 51.9251, 50.8324, 51.0104
14357301, 8.735680e-02, 2.611424e-01, 2.1870, 570074.0097, 3.564180e-01, -0.4272, 3.768137e-07, 41.9630, 45.5132, 39.4157, 34.9687, 33.5923, 30.6321
4174946, 8.760724e-02, 2.610105e-01, 3.0771, 570058.5247, -2.514686e-01, -1.9664, 1.513950e-07, nan, nan, nan, nan, 27.4383, 27.1192
13105928, 8.755169e-02, 2.610071e-01, 2.1586, 570078.2641, -3.706385e-01, -3.0700, 2.106144e-07, nan, nan, 26.7766, 25.3559, 26.2489, 28.1638
1811050, 8.740228e-02, 2.614394e-01, 1.8449, 570224.9982, 3.137984e-01, -2.2958, 4.638715e-07, nan, nan, nan, nan, nan, 53.3616
427637, 8.824501e-02, 2.642007e-01, 1.8726, 570110.6275, 2.815733e-01, -2.9598, 5.126777e-07, 39.7386, 39.8880, 34.5585, 31.5377, nan, 28.4272
13343347, 8.535144e-02, 2.635922e-01, 1.7443, 570182.6229, -2.656526e-01, -3.6846, 3.110848e-07, nan, nan, nan, nan, nan, 28.9684
8374504, 8.734662e-02, 2.639777e-01, 2.4614, 570146.8693, 3.631941e-02, -1.5718, 1.386917e-07, 38.2025, 33.9586, 32.6233, 31.7050, nan, 29.4528
11713640, 8.798385e-02, 2.610921e-01, 1.2100, 570069.5400, -2.565212e-01, -2.7792, 9.961429e-07, 29.7051, 26.2034, 26.8863, 29.2577, 28.1439, 28.2907
11501263, 8.777292e-02, 2.611711e-01, 1.0066, 570138.3744, -3.262770e-01, -0.1448, 1.220020e-06, 24.2648, 25.2923, 24.8636, 24.5766, 24.5658, 24.8514
2683954, 8.884341e-02, 2.620159e-01, 1.1640, 570124.7920, 1.177739e-01, 0.6019, 1.317045e-06, 33.3715, 31.0732, 27.6801, 25.7251, 24.6433, 24.5624
7848080, 8.540895e-02, 2.626379e-01, 0.5322, 570190.5900, -1.449417e-01, 0.1909, 8.356943e-06, 53.6824, nan, nan, 50.5364, 50.2256, 49.9605
8517656, 8.536068e-02, 2.630898e-01, 1.0773, 570213.6794, 2.807309e-01, 2.0435, 1.341060e-06, 61.4268, 55.6540, 52.4273, nan, 50.5497, 50.8245
2299439, 8.740769e-02, 2.642755e-01, 1.6404, 570214.0368, 1.597706e-01, -2.6428, 3.438015e-07, nan, nan, nan, nan, nan, nan
9562450, 8.725050e-02, 2.643889e-01, 0.7034, 570040.9870, -9.086313e-01, 2.5162, 6.883066e-06, nan, nan, 25.9416, 26.0861, 27.2719, 25.9754
5735984, 8.726404e-02, 2.643908e-01, 2.1501, 570174.6448, -1.912065e-02, 0.1853, 3.962506e-07, 35.7570, 33.0080, 32.4266, nan, 29.5497, 28.3913
16786539, 8.772684e-02, 2.614152e-01, 1.6706, 570071.2760, 4.779392e-03, -4.4120, 3.601345e-07, 36.3666, 35.0440, nan, 31.8521, nan, 33.5549
6269853, 8.736902e-02, 2.643946e-01, 4.4463, 570135.9587, -3.185840e-01, 2.0795, 4.135894e-08, 35.5586, 33.2971, 27.9179, 26.4697, 26.6390, 26.8810
14919348, 8.522158e-02, 2.627920e-01, 0.5158, 570150.5956, 4.928140e-03, 0.4850, 1.105731e-05, nan, 24.6204, 23.4588, 23.4635, 23.5063, 23.5451
6892196, 8.566006e-02, 2.631329e-01, 0.6746, 570073.8360, -7.757687e-02, 0.3573, 4.523026e-06, nan, 29.6068, 27.0102, 26.1206, 25.4928, 25.0391
4117263, 8.569129e-02, 2.633020e-01, 0.8075, 570225.7933, 2.427156e-01, -2.9372, 1.912127e-06, nan, nan, nan, nan, nan, 51.7641
14447850, 8.941043e-02, 2.616703e-01, 1.8475, 570084.2406, 1.729693e-01, -0.7592, 8.036275e-07, 40.2451, nan, 33.1539, 31.0098, 29.1936, 28.3074
11273750, 8.785715e-02, 2.642511e-01, 0.6325, 570197.9054, 1.540507e-02, 0.9184, 5.343693e-06, 53.1939, 51.6125, nan, 50.1469, 50.2113, 49.9877
2850673, 8.630948e-02, 2.631066e-01, 2.2042, 570084.9544, 2.445265e-01, 4.2985, 1.684110e-07, 41.1608, nan, 36.9437, 32.8099, nan, 29.9897
14675458, 8.501133e-02, 2.632346e-01, 1.3071, 570140.8963, -5.907665e-02, 1.9595, 1.164397e-06, 29.5544, 28.2876, 26.4559, 25.1884, 24.6205, 24.4112
10395273, 8.555750e-02, 2.631467e-01, 0.2916, 570096.9112, 1.803481e-01, -6.4028, 3.438221e-05, 26.3842, nan, nan, nan, nan, 23.5819
9780987, 8.548409e-02, 2.632245e-01, 1.4422, 570043.7254, -5.554307e-01, -4.6462, 7.185870e-07, 24.3486, 23.3202, 23.2718, 26.5267, 28.6508, 28.3575
12920764, 8.621720e-02, 2.631140e-01, 1.1479, 570071.3376, 2.116911e-01, -2.1702, 1.079946e-06, 37.3869, 31.8618, 30.6978, 29.2937, 28.0226, 27.7053
6261221, 8.619728e-02, 2.632417e-01, 0.4609, 570118.3891, -2.472021e-01, 4.5425, 1.318260e-05, nan, 23.5675, 22.5540, 22.8795, 22.9728, 23.4911
17063308, 8.603342e-02, 2.631688e-01, 1.7508, 570129.9803, 3.381109e-01, 3.4474, 3.919690e-07, 37.4287, 36.8955, 34.9067, 30.0977, 27.7641, 26.5011
11536927, 8.895857e-02, 2.618611e-01, 4.3904, 570204.9530, -4.375001e-01, -1.8095, 3.833663e-08, 34.9094, 31.6134, 26.9729, 25.8378, 26.1749, 26.6681
3986577, 8.601534e-02, 2.632379e-01, 1.5003, 570176.1301, -3.457494e-02, -4.2798, 4.315536e-07, nan, nan, nan, nan, 28.8481, nan
7908569, 8.604551e-02, 2.634623e-01, 0.8997, 570119.1538, -1.123992e-01, -3.8942, 1.765709e-06, 30.7407, 27.6517, 29.8359, 25.4091, 24.9814, 24.8224
3295192, 8.599895e-02, 2.634395e-01, 3.1109, 570130.8130, 9.614467e-02, -3.7079, 9.989730e-08, 42.2958, 37.5114, 35.1799, 33.9523, 32.7086, 32.2603
4198093, 8.788465e-02, 2.640850e-01, 1.9043, 570153.5003, -1.855290e-02, 3.6654, 3.296355e-07, 32.6948, 31.0874, nan, 30.0464, 26.6188, 26.3782
2492551, 8.952214e-02, 2.615577e-01, 2.5241, 570079.6254, 5.816379e-01, -2.2326, 2.512077e-07, 46.8118, nan, nan, nan, nan, 34.3424
2206720, 8.958326e-02, 2.614724e-01, 1.2770, 570180.8944, 1.377850e-01, 0.4752, 6.024967e-07, nan, 58.3656, 57.3602, nan, nan, 52.6527
17166398, 8.539633e-02, 2.632646e-01, 2.4631, 570155.9763, 2.297581e-01, 2.1014, 1.149920e-07, 41.3882, 38.3995, 36.1639, nan, 34.0267, 30.1310
17185217, 8.692515e-02, 2.642216e-01, 3.1836, 570168.6948, -4.776546e-01, 0.5449, 1.028667e-07, 30.8056, 23.0292, 22.3071, 23.3132, 24.8075, nan
16259139, 8.917724e-02, 2.612592e-01, 3.3344, 570229.7247, 7.003866e-01, 1.6892, 5.246985e-08, 76.1131, 76.9685, nan, nan, 68.2741, 64.8086
14533406, 8.706357e-02, 2.642113e-01, 2.4672, 570141.5669, -3.194475e-01, -5.2186, 1.813256e-07, 28.6494, 25.5262, 25.8043, nan, nan, nan
10999929, 8.706681e-02, 2.640910e-01, 0.4467, 570104.9738, 8.506069e-02, 3.2703, 1.285352e-05, nan, 25.6545, 23.6512, 23.1273, 23.0501, 23.2801
6884754, 8.689398e-02, 2.624317e-01, 2.4449, 570100.6957, -1.659890e-01, 1.0969, 2.601442e-07, nan, nan, nan, nan, nan, nan
16633752, 8.944876e-02, 2.612589e-01, 2.4506, 570176.7177, -1.321108e-01, 2.1913, 1.621129e-07, 35.3846, 31.5123, 30.8202, nan, nan, 28.4774
8840792, 8.660016e-02, 2.629079e-01, 1.2490, 570079.9535, -7.272770e-02, 0.7304, 9.099900e-07, 33.0503, 32.8333, 30.2275, 28.4466, 27.2142, 26.9019
14938223, 8.647253e-02, 2.627509e-01, 2.1884, 570087.4383, 6.782127e-02, 0.9106, 3.301612e-07, nan, nan, 35.3035, 31.5507, nan, 29.1750
3847220, 8.655068e-02, 2.627536e-01, 1.1754, 570186.0451, -1.996794e-02, 4.0882, 6.534132e-07, nan, 52.8366, 51.6792, nan, 51.2716, 50.7796
928787, 8.915433e-02, 2.622712e-01, 0.6850, 570181.6011, 2.236711e-01, -0.7104, 2.581061e-06, nan, nan, nan, nan, 51.3922, 51.7986
12563852, 8.953057e-02, 2.619315e-01, 2.8728, 570116.8067, 2.390360e-01, 1.2896, 1.833161e-07, 43.1485, 40.4182, 38.0937, 35.8271, 33.7613, 32.2041
684688, 8.873889e-02, 2.606262e-01, 1.2661, 570209.1317, 1.077118e-01, 2.7493, 9.099897e-07, nan, 54.9057, 53.1792, nan, 52.7773, 50.4425
4415618, 8.931370e-02, 2.620093e-01, 1.0359, 570227.2348, -9.580223e-02, 0.5854, 1.516749e-06, nan, 53.0494, 53.4792, nan, 51.6013, 51.7441
11618288, 8.875655e-02, 2.601344e-01, 0.4097, 570043.3931, 9.615819e-02, -0.4989, 1.331180e-05, 29.8348, 27.4971, 25.6631, 24.7543, 24.4746, 24.7937
14488641, 8.878766e-02, 2.604000e-01, 1.9909, 570131.2766, -6.547054e-02, 0.8758, 1.893173e-07, 32.9798, 31.2013, 30.5688, 29.7756, 27.9259, 27.2770
208363, 8.878175e-02, 2.602707e-01, 0.5383, 570203.0289, 5.864269e-02, 2.7417, 8.393695e-06, 51.3322, nan, 49.3642, 48.9685, 49.0378, 48.9358
6691289, 8.866534e-02, 2.605742e-01, 0.5487, 570094.7443, -3.426186e-03, -1.7625, 6.047083e-06, 28.2394, 28.1516, 26.3453, 25.4695, 24.4837, 24.5783
3524573, 8.927602e-02, 2.621317e-01, 1.8860, 570203.5058, 8.666526e-02, -3.4291, 3.029304e-07, nan, nan, nan, nan, nan, nan
15993841, 8.717383e-02, 2.623262e-01, 2.2535, 570210.4363, 1.052204e-01, 2.9998, 2.075866e-07, nan, nan, 58.6021, 54.9939, 54.2754, 53.2814
13127540, 8.713164e-02, 2.622722e-01, 0.5873, 570051.0476, 5.280383e-02, -0.1243, 8.313425e-06, 33.3668, 28.8680, 26.6606, 25.6952, 24.9483, 24.8734
2686991, 8.709552e-02, 2.623246e-01, 1.2086, 570134.7157, 7.853697e-02, 2.2125, 1.518992e-06, 31.8695, 30.0229, 26.7435, 25.1362, 24.3254, 24.2709
8907270, 8.752539e-02, 2.605806e-01, 0.8843, 570132.9268, -5.468997e-01, -0.4396, 3.561887e-06, 19.5578, 21.9814, 23.2830, 23.4458, 23.6729, 23.9961
16397139, 8.759752e-02, 2.606665e-01, 1.6073, 570220.7323, -1.563392e-01, -4.7570, 5.694617e-07, nan, nan, nan, nan, nan, nan
13752878, 8.704909e-02, 2.622696e-01, 2.1981, 570197.4304, -3.393991e-01, 3.6176, 2.670764e-07, nan, nan, 31.8312, 30.4588, 31.6043, 32.1833
6679631, 8.663458e-02, 2.622128e-01, 2.3115, 570199.0547, 4.170621e-01, -3.0161, 1.452746e-07, nan, nan, nan, nan, nan, nan
11967379, 8.660618e-02, 2.622363e-01, 2.0176, 570039.2482, -4.526373e-01, 1.1849, 5.762497e-07, 26.1277, 26.1567, nan, nan, nan, 28.1605
11455812, 8.683360e-02, 2.621936e-01, 3.4950, 570091.1788, 4.099142e-02, 2.2944, 6.874493e-08, nan, nan, nan, nan, nan, nan
1678102, 8.799751e-02, 2.602666e-01, 1.8449, 570122.7791, 1.899702e-02, 0.1148, 3.357874e-07, 34.5547, 32.8632, 31.5139, 29.7648, 27.8277, 26.9134
6700621, 8.797338e-02, 2.607891e-01, 2.2202, 570089.3311, -1.169613e-01, -3.6631, 1.825813e-07, nan, nan, nan, nan, nan, nan
16017454, 8.712786e-02, 2.618275e-01, 2.2612, 570041.5569, -1.105051e-01, 2.3374, 2.288897e-07, 36.2724, 33.7986, nan, nan, nan, 30.4095
10434136, 8.572979e-02, 2.623232e-01, 1.5715, 570049.5288, 1.830966e-01, 2.0050, 8.777607e-07, 38.4392, nan, nan, 30.5785, 29.1415, 28.3102
10701810, 8.595798e-02, 2.621118e-01, 3.0955, 570091.4003, 2.627323e-01, 2.3928, 1.735190e-07, nan, nan, nan, nan, nan, nan
11397366, 8.639147e-02, 2.618597e-01, 3.2153, 570084.0711, 2.060079e-03, 5.1770, 9.857186e-08, nan, nan, nan, nan, nan, nan
3863000, 8.881126e-02, 2.599115e-01, 1.2565, 570159.3213, -4.017555e-01, 4.1513, 1.079289e-06, 23.2081, nan, nan, 24.7249, 24.7427, 25.0229
7369339, 8.879609e-02, 2.598169e-01, 0.4357, 570059.7854, -5.130136e-01, 0.2508, 1.727444e-05, nan, 26.1439, 25.3527, 24.9575, 25.0006, 25.3336
7689455, 8.875283e-02, 2.598149e-01, 1.6015, 570131.0536, -3.516464e-02, 3.1782, 4.691593e-07, 31.6397, 30.6661, 30.0435, 27.0787, 26.1712, 25.6731
17273249, 8.639979e-02, 2.621079e-01, 2.9497, 570216.5807, 1.452591e-01, -0.6911, 2.024004e-07, nan, nan, nan, nan, nan, nan
12353638, 8.638727e-02, 2.621297e-01, 3.9768, 570057.5108, 2.962120e-01, -0.3065, 4.084846e-08, nan, nan, nan, nan, nan, nan
691722, 8.637354e-02, 2.621460e-01, 0.2874, 570174.2915, -4.263126e-01, -2.5469, 5.005895e-05, nan, nan, nan, 51.5245, nan, nan
15805930, 8.632927e-02, 2.621979e-01, 1.3849, 570141.8752, -1.023537e-01, -3.6249, 6.966312e-07, 29.1893, 28.9498, nan, 26.2796, 25.7341, 24.9842
16158526, 8.609990e-02, 2.620762e-01, 2.5260, 570098.1290, -6.603864e-02, -2.2153, 2.529926e-07, 40.2912, nan, nan, 30.4152, 29.2257, 28.9168
1085049, 8.875134e-02, 2.634438e-01, 0.5849, 570202.6759, 4.857272e-01, -1.1915, 7.823194e-06, nan, nan, nan, nan, 50.0234, 50.2309
16380880, 8.995161e-02, 2.617494e-01, 1.1146, 570155.9139, 4.270938e-02, 4.2036, 1.153558e-06, 31.8351, nan, 26.4516, 25.3278, 24.8725, 24.7728
3023301, 8.693690e-02, 2.611151e-01, 0.9201, 570197.2900, -5.423955e-01, -0.6412, 2.656142e-06, nan, nan, nan, nan, nan, 52.9506
9842625, 8.699656e-02, 2.610820e-01, 0.9868, 570064.2172, -1.989870e-01, -5.0152, 1.721746e-06, 31.1315, 26.1785, 27.8198, 28.2620, 28.5219, 32.2239
5212870, 8.742136e-02, 2.637137e-01, 3.1699, 570039.9660, 5.221124e-02, -2.9252, 1.387626e-07, nan, 40.3306, 38.3636, 37.3056, 34.5974, nan
9702454, 8.700524e-02, 2.614845e-01, 0.9303, 570201.5087, -9.306007e-02, 0.1495, 3.508280e-06, nan, nan, nan, nan, 51.7826, 50.9611
7160803, 8.715328e-02, 2.613797e-01, 1.4754, 570205.9585, -3.692279e-01, 1.6287, 6.479621e-07, nan, nan, 49.3338, 51.1586, nan, 53.3472
9623295, 8.816530e-02, 2.601853e-01, 1.0240, 570102.0385, -3.358391e-01, 2.2730, 1.449293e-06, nan, 27.8533, 27.5007, 25.6306, 25.3794, 25.2569
10921622, 8.676406e-02, 2.615617e-01, 1.7869, 570233.0732, -9.943793e-02, -0.5578, 6.540785e-07, nan, nan, nan, nan, nan, nan
8857941, 8.800628e-02, 2.632343e-01, 1.2496, 570169.2980, 3.963760e-02, -0.9650, 1.133863e-06, 38.1364, nan, nan, nan, nan, nan
942066, 8.792642e-02, 2.632614e-01, 1.0203, 570143.9529, -3.076956e-01, -0.3818, 9.705582e-07, 24.6606, 25.4670, 25.2199, 24.9528, 24.9248, 25.1949
15835839, 8.854963e-02, 2.600431e-01, 0.3416, 570160.2426, 3.393137e-01, -3.0243, 1.586933e-05, nan, nan, nan, nan, nan, 30.4797
11470004, 8.855324e-02, 2.600788e-01, 1.0414, 570214.3836, 4.228488e-01, -1.7484, 2.694395e-06, nan, nan, nan, nan, nan, nan
12616440, 8.669206e-02, 2.615276e-01, 0.8803, 570181.0871, 6.211008e-01, -4.0569, 1.709196e-06, nan, nan, 53.3355, nan, nan, nan
10323198, 8.678364e-02, 2.614207e-01, 2.9451, 570038.5274, -6.071530e-02, 0.8722, 1.568851e-07, 41.6081, 35.8175, 34.6074, 33.9975, nan, 31.7281
14154948, 8.665468e-02, 2.614332e-01, 1.1663, 570124.7894, 1.788687e-01, 3.9770, 9.930161e-07, 34.0470, 30.7810, 27.5538, 25.8130, 24.8646, 24.7970
6005225, 8.797313e-02, 2.633822e-01, 0.6518, 570228.0798, 1.412752e-01, 2.5782, 2.696085e-06, 54.3742, 51.3859, nan, 49.8291, 50.5743, 49.8860
843930, 8.693491e-02, 2.614161e-01, 0.3052, 570214.8912, 5.519592e-02, 4.1458, 3.078685e-05, 49.3573, 49.1065, 47.2108, 47.6341, 46.9730, 47.9219
1839430, 8.822910e-02, 2.606230e-01, 1.1038, 570156.7557, 1.886870e-01, -0.2522, 1.269069e-06, 34.2133, 31.3771, 28.2658, 26.3141, 25.5273, 25.5300
6621289, 8.720283e-02, 2.611876e-01, 2.1212, 570038.5360, 2.320052e-01, -0.5395, 2.561707e-07, 42.1139, 41.1442, 36.9216, 34.1184, 32.4807, 31.7577
6193526, 8.803129e-02, 2.636600e-01, 3.4854, 570087.4011, -1.097146e-01, 3.7877, 4.265667e-08, nan, nan, nan, nan, nan, nan
10071292, 8.650539e-02, 2.618223e-01, 0.3760, 570202.3906, -4.206476e-01, -0.5872, 2.122926e-05, nan, nan, nan, 49.9043, 49.9764, 50.1641
2381602, 8.766389e-02, 2.637924e-01, 0.9263, 570138.1925, 1.383355e-01, 0.8589, 1.949609e-06, 31.7517, 28.8057, 25.5079, 24.3082, 24.1218, 24.1922
2787506, 8.766522e-02, 2.637218e-01, 1.5381, 570202.3528, -2.273193e-01, 2.5099, 6.706397e-07, nan, 53.3370, 50.1843, 51.1640, nan, 53.3763
4897362, 8.769298e-02, 2.635250e-01, 0.7773, 570124.2347, 6.100690e-02, 1.0753, 4.476351e-06, 30.1705, 26.9846, 24.5798, 23.5070, 23.5510, 23.3664
12166619, 8.814615e-02, 2.604202e-01, 1.3978, 570088.7985, -4.492574e-02, -0.5244, 9.514462e-07, nan, 31.7063, 29.5056, 28.3863, 27.4935, 26.6643
3934377, 8.707926e-02, 2.615919e-01, 0.2789, 570036.6614, -4.575698e-02, 2.6997, 3.128944e-05, nan, 25.3419, 24.0885, 23.4812, 23.6209, 23.5924
5918577, 8.710861e-02, 2.616236e-01, 0.4490, 570192.8643, -9.954857e-02, -0.1006, 1.614088e-05, nan, nan, nan, 49.7274, 49.6603, 49.3561
6292642, 8.876328e-02, 2.624999e-01, 1.7878, 570066.1616, 2.681758e-01, -0.3216, 3.071822e-07, 40.7551, 39.7840, 36.9506, 34.3048, 31.3577, 29.9043
6017716, 8.699344e-02, 2.616104e-01, 2.4737, 570083.5799, -5.104596e-01, -1.5772, 2.484334e-07, nan, nan, nan, nan, nan, nan
16681720, 8.645257e-02, 2.621494e-01, 3.3358, 570054.1512, 3.418408e-01, -0.6950, 1.495185e-07, 47.5725, nan, nan, nan, 39.2984, 36.1412
11334544, 8.813052e-02, 2.599477e-01, 1.4698, 570129.2585, -4.068271e-01, -4.6909, 7.656296e-07, 22.6298, 23.5535, 25.0199, 26.3777, 25.4877, 24.9995
2725359, 8.807864e-02, 2.598464e-01, 0.3092, 570169.4114, -3.466898e-01, 4.9153, 3.211373e-05, 45.6815, 47.8733, 47.0668, 47.9637, 47.5356, 48.6100
11682634, 8.810882e-02, 2.599247e-01, 0.5988, 570061.2159, -1.213403e-01, 1.9269, 6.881760e-06, nan, nan, 26.5063, 25.6759, 25.0377, 24.9885
5588466, 8.845239e-02, 2.631056e-01, 1.5602, 570052.9929, 2.520051e-01, 0.2786, 6.749310e-07, 39.1403, 40.6511, nan, 31.2836, 29.6956, 28.5556
9717817, 8.680733e-02, 2.616182e-01, 0.9826, 570186.6865, 3.738387e-01, -0.0844, 2.222721e-06, nan, nan, nan, nan, 53.2294, 52.2595
631872, 8.807023e-02, 2.595184e-01, 0.1334, 570204.5752, 4.098628e-01, -1.2537, 2.035698e-04, nan, nan, 48.9522, 46.8178, nan, nan
16344024, 8.849766e-02, 2.627570e-01, 1.1556, 570049.4630, 1.217610e-01, 0.3673, 1.084263e-06, 37.2188, nan, 31.1302, 29.1837, 27.8713, 27.4335
510847, 8.831502e-02, 2.595510e-01, 0.5506, 570148.8066, -2.252391e-01, -1.3259, 8.731153e-06, 23.2759, 24.3388, 23.7719, 23.8855, 24.0074, 24.1260
13723205, 8.828193e-02, 2.632394e-01, 1.6368, 570154.2664, 3.106939e-01, -5.7936, 4.642737e-07, 39.0768, 35.4038, 31.2813, nan, 27.9140, nan
3481737, 8.825965e-02, 2.631970e-01, 2.0023, 570197.9178, 4.737720e-01, 4.0728, 3.270601e-07, 64.9447, 63.6226, 60.6989, 56.9283, 54.7406, 53.0540
12588675, 8.807703e-02, 2.634313e-01, 2.7111, 570213.8751, 4.678855e-01, 2.0690, 1.158592e-07, 69.6397, 70.1269, nan, 62.9413, 60.0264, 58.2014
12669005, 8.745161e-02, 2.604549e-01, 1.8614, 570045.3959, 5.108800e-02, 1.5871, 3.702064e-07, 39.0020, 36.9508, nan, nan, 30.1294, 29.9221
6725863, 8.852993e-02, 2.633017e-01, 2.2733, 570038.5660, 4.083442e-01, 2.9439, 2.674592e-07, nan, nan, nan, nan, nan, 32.2341
13251302, 8.859201e-02, 2.631211e-01, 1.8955, 570188.1868, -2.930686e-01, -1.7609, 2.982187e-07, nan, nan, nan, nan, nan, nan
2371522, 8.855678e-02, 2.631233e-01, 2.1949, 570108.1893, -3.858067e-01, 0.1821, 1.943934e-07, 28.8058, 27.3644, 28.2615, 30.0648, 29.1179, 27.2547
8786539, 8.741620e-02, 2.602295e-01, 1.2243, 570200.5096, -1.644176e-02, 3.5593, 1.630947e-06, nan, 52.2285, 51.0602, nan, 50.9870, 49.6374
16078783, 8.834647e-02, 2.635024e-01, 2.0385, 570105.8133, 1.363837e-01, -0.2318, 3.238313e-07, 39.7905, 40.9365, 36.2772, 33.6330, 30.3436, 28.5830
5863392, 8.821227e-02, 2.634272e-01, 0.6725, 570131.1714, -3.373316e-01, -0.5601, 4.784928e-06, 23.7573, 24.2028, 23.5444, 23.4450, 23.7001, 23.7864
1508687, 8.816047e-02, 2.634566e-01, 1.3049, 570125.3703, 3.487673e-01, 1.8606, 8.527619e-07, 35.2290, 34.3094, 29.9304, 26.9974, 25.4885, 24.9388
4261437, 8.835139e-02, 2.633487e-01, 0.6989, 570040.4858, -4.551129e-01, -3.8371, 4.955202e-06, 23.9188, 24.4425, 27.3903, 27.3466, 26.8834, 26.6723
1232987, 8.568213e-02, 2.638285e-01, 1.0906, 570215.9013, -1.683322e-01, -2.0120, 1.949520e-06, nan, nan, nan, 53.3960, nan, nan
4555379, 8.748688e-02, 2.593429e-01, 1.1555, 570137.5671, -1.389109e-01, 1.4815, 2.448493e-06, 27.0296, 26.2479, 24.8609, 24.1965, 23.6645, 23.7901
3942218, 8.732277e-02, 2.595308e-01, 0.2957, 570205.1462, -5.644642e-02, 5.4159, 2.696715e-05, 48.2180, 48.4663, 47.2196, 47.8008, 47.0671, 47.9943
11512523, 8.732821e-02, 2.594163e-01, 1.2888, 570167.7469, 1.081840e-02, -1.8202, 1.047323e-06, 34.4406, 30.4503, nan, nan, nan, nan
14789943, 8.600597e-02, 2.636747e-01, 1.6346, 570052.5266, 1.786396e-01, 2.8399, 5.767384e-07, 39.1020, nan, nan, 32.4677, 29.9591, 28.5406
4208144, 8.766553e-02, 2.595799e-01, 1.9914, 570217.5158, 1.648938e-01, 2.0330, 3.349152e-07, nan, nan, 57.2182, 54.8468, 54.2456, 52.9461
8508314, 8.638143e-02, 2.632486e-01, 1.0751, 570138.8049, 2.485381e-01, -4.1398, 1.404387e-06, 33.8323, nan, 27.6818, 25.2884, 24.4408, 24.3446
10705978, 8.776213e-02, 2.593446e-01, 0.8686, 570191.5356, -2.772764e-01, 2.6735, 2.579702e-06, nan, 48.8351, 51.0144, 50.0833, 50.1581, 50.5257
11295557, 8.619608e-02, 2.637472e-01, 1.4125, 570174.7740, 1.528270e-01, -1.8820, 6.647616e-07, nan, nan, nan, nan, nan, nan
8287768, 8.616896e-02, 2.637395e-01, 2.4030, 570217.8560, 1.693185e-01, 2.1267, 1.701967e-07, nan, nan, nan, 56.8680, 55.2228, 56.0917
16674886, 8.748140e-02, 2.595578e-01, 1.4094, 570217.9499, -2.054797e-01, 4.1542, 1.103382e-06, nan, 50.7064, 49.6405, 49.8977, nan, 50.5561
3607803, 8.720621e-02, 2.624594e-01, 2.4235, 570104.5028, 1.397764e-02, -1.3921, 2.388910e-07, 39.9602, 37.0976, 35.7938, 31.9467, 30.6901, 29.9576
7856528, 8.691464e-02, 2.626569e-01, 2.1759, 570042.2367, -4.430644e-01, 5.5600, 2.112656e-07, 27.2613, 26.5541, nan, nan, nan, 28.4124
425919, 8.719677e-02, 2.630110e-01, 0.3827, 570228.2913, -5.262084e-01, -4.2095, 2.788164e-05, nan, nan, nan, nan, nan, nan
16693968, 8.659353e-02, 2.630876e-01, 3.5659, 570127.5267, 1.362688e-01, 4.4262, 8.743292e-08, 44.2147, 40.6161, 36.9614, 35.5909, 34.5308, 35.1119
9663394, 8.798559e-02, 2.598099e-01, 2.3879, 570088.7969, -9.159528e-02, 0.5006, 2.976644e-07, nan, nan, nan, 31.4472, 30.5439, 30.9803
10420966, 8.790438e-02, 2.599217e-01, 1.6478, 570109.2479, 1.100898e-01, -1.1656, 4.598613e-07, 37.8685, 36.7714, 31.8770, 30.0769, 28.4246, 26.8785
11431301, 8.765665e-02, 2.600014e-01, 1.0153, 570114.1597, -9.944391e-02, 1.5180, 1.737887e-06, nan, nan, 26.4583, 25.0802, 24.6478, 24.6796
9338738, 8.768704e-02, 2.599499e-01, 0.7750, 570062.7707, 9.896697e-02, -1.3942, 3.605053e-06, 32.2159, 29.0523, 28.5429, 26.8406, 26.3839, 25.5902
10135324, 8.766560e-02, 2.598659e-01, 1.1060, 570194.3858, -3.721072e-01, -3.3689, 1.904840e-06, nan, nan, nan, 52.0144, nan, nan
7932049, 8.693699e-02, 2.628806e-01, 0.8356, 570045.8492, 2.809233e-01, 4.3626, 3.395046e-06, 37.8204, nan, 28.0493, 26.7205, 25.8123, 25.2999
7816184, 8.885866e-02, 2.606169e-01, 0.5946, 570211.4874, -8.326514e-02, 3.1121, 6.262153e-06, 50.0334, 49.6922, 50.6531, 49.1221, 49.7328, 49.4166
689529, 8.889633e-02, 2.605520e-01, 1.1212, 570171.3136, -1.274659e-01, 4.5098, 1.402309e-06, nan, 27.8403, 27.4908, nan, 27.1631, 27.7108
9840135, 8.904519e-02, 2.601317e-01, 0.9728, 570050.7659, -5.341826e-01, -0.1571, 2.389251e-06, 25.0907, 25.4460, 27.0835, 27.2596, 26.9719, 26.8621
3371418, 8.673753e-02, 2.637250e-01, 2.1426, 570230.5344, 7.585901e-02, 4.3330, 2.315014e-07, nan, nan, 56.2978, 53.8155, 54.3776, 51.8754
13016890, 8.714501e-02, 2.634454e-01, 0.8931, 570207.9678, -1.293370e-01, -2.0469, 1.898720e-06, nan, nan, nan, nan, nan, nan
11652994, 8.901722e-02, 2.602881e-01, 1.0933, 570043.1670, -1.606183e-01, -1.8564, 1.437654e-06, 32.7526, 28.1580, 28.0857, 28.3817, 27.8912, 27.4957
4576207, 8.685720e-02, 2.631619e-01, 1.2077, 570126.4840, -4.484802e-04, -2.8439, 1.139975e-06, 31.4715, nan, 29.7578, 26.1092, 24.9109, 24.7117
11401708, 8.645060e-02, 2.637366e-01, 3.1877, 570097.4927, 2.340524e-01, 2.9720, 1.113808e-07, nan, nan, 42.4863, 40.7210, nan, nan
11384541, 8.889081e-02, 2.599834e-01, 3.2238, 570168.7475, 4.564686e-01, 3.6392, 6.605184e-08, nan, nan, 43.7695, 41.0905, nan, nan
5671455, 8.679972e-02, 2.631773e-01, 2.3230, 570086.4267, 2.099795e-01, 5.0504, 2.394921e-07, 40.5928, nan, 37.4524, 32.1151, 31.1140, 30.6685
4713005, 8.881981e-02, 2.611613e-01, 1.5604, 570183.7566, -5.785797e-01, -1.8215, 6.375855e-07, nan, nan, nan, nan, nan, nan
13322827, 8.869872e-02, 2.613798e-01, 2.4725, 570110.0449, -1.848872e-01, 0.4698, 2.143243e-07, 34.2991, 30.7333, 30.3956, 29.7787, 29.4772, 28.6758
8528773, 8.864379e-02, 2.614017e-01, 0.1727, 570179.8891, -2.291788e-01, -3.6216, 1.098393e-04, nan, nan, nan, nan, nan, nan
8486267, 8.844483e-02, 2.613998e-01, 1.0612, 570109.5930, -9.917392e-02, 0.6084, 9.941055e-07, nan, nan, 27.7962, 26.1982, 25.5936, 25.4166
11528021, 8.867376e-02, 2.612256e-01, 1.2976, 570053.5995, 4.645819e-02, 4.7430, 6.655480e-07, 37.4784, nan, nan, 28.5269, 28.6633, 27.5756
3278856, 8.895264e-02, 2.599819e-01, 1.0756, 570139.2848, 4.064531e-01, 1.6404, 1.430405e-06, 33.9766, 32.3517, 27.4390, 25.1971, 24.3860, 24.2908
11273515, 8.834318e-02, 2.623082e-01, 0.6307, 570081.6257, 2.794106e-01, -1.5616, 1.417538e-05, 31.4919, 28.5384, 25.9615, 24.9634, 23.9402, 23.8191
1046867, 8.858665e-02, 2.620997e-01, 1.6714, 570173.4627, 4.302507e-01, -5.2107, 4.639482e-07, nan, 39.6979, 34.4785, nan, nan, nan
16655879, 8.744417e-02, 2.623155e-01, 2.4288, 570185.4084, -3.640932e-01, -5.5190, 2.675886e-07, 31.5633, 28.5778, 28.7030, 25.6838, 27.8651, nan
5469586, 8.750843e-02, 2.621534e-01, 1.2960, 570179.8818, -2.477253e-01, -1.8530, 1.234407e-06, nan, nan, nan, nan, nan, nan
6427779, 8.788794e-02, 2.619266e-01, 1.7433, 570164.4890, -2.440489e-01, 0.0629, 6.014145e-07, 27.3270, 27.0004, 27.6274, 27.2321, 26.6060, 26.3321
13669959, 8.795347e-02, 2.618918e-01, 1.5322, 570148.0843, 1.955439e-01, -7.9728, 7.985328e-07, 35.9350, 32.2412, 31.6099, nan, 28.3927, 27.8839
11446976, 8.801312e-02, 2.622697e-01, 1.0754, 570107.6565, -2.096174e-02, 1.0078, 1.367938e-06, nan, 30.1025, 27.7270, 26.0353, 25.2679, 25.0804
556559, 8.771312e-02, 2.620629e-01, 1.9907, 570132.2515, 9.445037e-02, 1.9981, 2.590779e-07, 36.3511, 34.0638, 32.6660, 30.7682, 28.1912, 27.2340
15044493, 8.818043e-02, 2.619964e-01, 1.8071, 570082.5965, -2.511744e-01, -0.1153, 2.561597e-07, nan, nan, nan, 33.2185, 28.7372, 28.5838
12614008, 8.808152e-02, 2.618538e-01, 0.8711, 570231.2940, 1.578193e-01, -4.5951, 1.659264e-06, nan, nan, nan, nan, nan, nan
13621204, 8.861345e-02, 2.616182e-01, 3.6508, 570140.6297, 1.431061e-01, -0.0621, 1.039318e-07, 43.7635, 40.7267, 36.7591, 35.3952, 34.3048, 33.5069
4101631, 8.861710e-02, 2.616639e-01, 0.8243, 570130.2787, -2.178463e-01, 0.4698, 2.841490e-06, 25.9843, 25.6722, 24.4721, 23.8436, 23.9746, 24.0473
8167494, 8.765489e-02, 2.623410e-01, 0.7080, 570126.2517, 2.293687e-01, -3.1054, 4.665621e-06, nan, nan, 24.6768, 23.5678, 23.4229, 23.1948
16994379, 8.752510e-02, 2.627307e-01, 2.4029, 570047.8574, 1.971093e-01, 2.8072, 2.860141e-07, nan, 40.1980, 38.2326, nan, nan, nan
377871, 8.739740e-02, 2.627850e-01, 0.9479, 570099.0081, 3.300906e-01, 3.8264, 1.711577e-06, 34.4894, nan, 27.9778, 25.7638, 25.0245, 24.7905
4259484, 8.755271e-02, 2.626234e-01, 0.6951, 570192.9263, 1.288102e-01, 0.6437, 5.373515e-06, 55.7643, 52.8672, nan, 50.4371, 50.0887, 49.9811
15418081, 8.763535e-02, 2.623940e-01, 1.6143, 570116.1548, 6.459186e-02, -1.5163, 1.029587e-06, 34.8974, 33.9757, nan, 29.1919, 26.7216, 25.6656
11263628, 8.854583e-02, 2.624282e-01, 2.3892, 570208.5940, 1.524285e-01, 4.0303, 1.529444e-07, nan, nan, nan, 55.9762, 54.4475, 55.0247
9812796, 8.809238e-02, 2.630116e-01, 1.7517, 570234.3752, 7.329002e-01, -0.4609, 8.844967e-07, nan, nan, nan, nan, nan, nan
3629976, 8.729546e-02, 2.636211e-01, 0.9750, 570150.7966, -4.875590e-01, -4.8535, 1.752181e-06, 20.9522, 20.6833, nan, 30.0496, 25.5563, 26.1710
12309188, 8.753011e-02, 2.634938e-01, 3.7874, 570128.8429, -2.491495e-01, 1.9580, 7.108225e-08, 36.5914, 31.5269, 28.2205, 27.8357, 27.9436, 28.2071
15298198, 8.739338e-02, 2.636681e-01, 0.3877, 570078.7370, 2.359485e-01, -0.3325, 2.720296e-05, 29.2006, 26.3676, 24.5584, 23.5005, 23.1730, 23.2962
3173144, 8.736342e-02, 2.631700e-01, 1.7921, 570150.5096, 2.443904e-01, -3.9757, 2.935145e-07, 37.9177, 35.8748, 32.5702, 31.4775, 28.6474, 27.7000
11822270, 8.788973e-02, 2.630543e-01, 0.2309, 570091.6197, -5.100164e-01, -3.3062, 6.681812e-05, 21.1751, 24.3432, 24.1445, 24.5241, 24.4622, 25.0996
2740612, 8.772695e-02, 2.630704e-01, 1.1222, 570094.1331, -3.928252e-01, -0.0864, 1.173551e-06, nan, nan, 27.8479, 26.9924, 26.3190, 26.1100
11441108, 8.773853e-02, 2.630850e-01, 3.5734, 570155.3502, 2.259210e-01, 1.0130, 1.037171e-07, 44.9652, 42.2659, 38.3710, 36.8046, 35.4286, 34.5212
7937563, 8.803123e-02, 2.627710e-01, 0.7627, 570111.1431, -1.881264e-01, 4.5472, 3.217494e-06, 26.7869, 25.7734, 24.7581, 23.9768, 24.2983, 24.1917
9898279, 8.755370e-02, 2.629060e-01, 3.5325, 570049.8790, 1.902700e-01, -3.3952, 1.361781e-07, 44.5541, nan, nan, nan, nan, 32.9903
14610723, 8.759507e-02, 2.628424e-01, 0.9563, 570192.9884, -7.336227e-02, 1.3401, 1.483306e-06, nan, 52.2319, 54.9309, nan, 51.0452, 50.9752
13175779, 8.754793e-02, 2.630978e-01, 0.7980, 570090.6546, -2.502602e-02, 5.3933, 3.616150e-06, nan, 29.2517, 26.4117, 25.0666, 24.5496, 24.0829
13989468, 8.752099e-02, 2.629691e-01, 4.7053, 570091.1823, -3.666582e-01, 2.6837, 4.703795e-08, 36.9857, 36.6382, 29.8188, 27.9044, 27.8105, 28.2688
8506381, 8.791720e-02, 2.625565e-01, 1.0755, 570224.2525, 2.941352e-03, 2.2431, 1.241984e-06, nan, 52.7112, 51.4550, nan, 50.5084, 50.9173
4472125, 8.782462e-02, 2.627983e-01, 1.3380, 570097.4008, 3.949062e-01, -7.3400, 7.270013e-07, nan, nan, 31.5997, nan, nan, nan
